3, 5, 9, 20, 34, 47
13, 18, 20, 22, 36, 44
24, 31, 37, 40, 48, 52
4, 13, 23, 25, 28, 45
5, 8, 23, 31, 40, 52
10, 14, 18, 25, 40, 45
1, 6, 9, 26, 43, 45
5, 9, 25, 44, 47, 48
2, 3, 7, 22, 36, 43
12, 30, 34, 41, 42, 52
1, 16, 22, 28, 43, 49
18, 22, 24, 48, 51, 53
19, 20, 24, 32, 51, 52
1, 11, 16, 21, 45, 47
11, 12, 17, 39, 51, 52
6, 9, 12, 17, 19, 41
9, 37, 42, 44, 45, 50
11, 15, 24, 32, 36, 39
4, 12, 20, 29, 32, 53
1, 9, 16, 25, 31, 32
10, 14, 15, 23, 41, 48
6, 8, 35, 38, 49, 52
11, 20, 24, 27, 48, 50
8, 27, 34, 36, 38, 50
1, 9, 38, 45, 51, 52
14, 29, 39, 40, 51, 53
13, 23, 32, 36, 44, 45
17, 21, 25, 31, 40, 44
2, 8, 9, 15, 43, 50
3, 10, 11, 20, 25, 48
10, 19, 23, 46, 47, 50
2, 12, 14, 24, 48, 50
1, 2, 8, 13, 19, 50
1, 8, 20, 23, 36, 53
11, 21, 29, 41, 48, 51
9, 12, 13, 19, 21, 31
11, 15, 33, 38, 42, 51
4, 8, 33, 39, 41, 53
10, 29, 40, 41, 47, 51
16, 32, 35, 39, 40, 43
2, 7, 14, 16, 28, 30
3, 20, 33, 37, 42, 49
9, 17, 19, 20, 26, 47
21, 23, 34, 35, 38, 39
4, 13, 29, 32, 46, 53
7, 9, 25, 31, 36, 49
7, 8, 12, 17, 23, 44
8, 24, 35, 36, 45, 52
23, 27, 31, 35, 47, 49
2, 8, 9, 11, 39, 53
3, 11, 23, 29, 52, 53
15, 26, 36, 43, 44, 53
5, 13, 26, 29, 34, 45
18, 21, 29, 31, 37, 40
7, 17, 34, 40, 41, 52
2, 10, 18, 29, 31, 49
5, 6, 11, 17, 24, 33
7, 18, 22, 30, 41, 49
13, 19, 28, 31, 39, 50
2, 6, 13, 16, 32, 47
3, 5, 6, 7, 8, 10
8, 11, 30, 39, 42, 53
16, 22, 33, 40, 44, 52
7, 9, 35, 38, 45, 47
22, 30, 33, 37, 44, 53
1, 3, 5, 9, 25, 26
1, 25, 27, 35, 52, 53
4, 6, 36, 39, 42, 44
7, 9, 11, 37, 41, 48
2, 6, 21, 40, 51, 52
2, 22, 27, 40, 42, 51
5, 17, 26, 47, 52, 53
4, 5, 10, 38, 39, 46
26, 33, 37, 38, 39, 41
2, 24, 26, 36, 39, 48
17, 22, 26, 33, 39, 47
6, 27, 38, 48, 49, 52
16, 28, 31, 32, 34, 47
1, 7, 20, 33, 42, 48
9, 15, 17, 25, 45, 46
2, 13, 27, 30, 39, 42
2, 9, 30, 38, 41, 51
4, 6, 14, 19, 33, 41
9, 24, 32, 39, 51, 52
3, 13, 32, 33, 38, 50
15, 33, 40, 41, 43, 53
8, 12, 16, 20, 46, 50
5, 12, 30, 31, 48, 49
27, 37, 39, 40, 44, 47
6, 9, 17, 33, 35, 36
1, 9, 23, 28, 39, 50
13, 18, 22, 40, 45, 50
21, 30, 38, 43, 48, 49
5, 11, 16, 22, 26, 48
9, 21, 23, 26, 29, 37
2, 9, 17, 33, 34, 35
2, 26, 38, 40, 43, 50
1, 5, 17, 23, 40, 46
2, 17, 39, 42, 44, 46
9, 13, 28, 38, 48, 49
5, 7, 10, 26, 36, 48
5, 9, 11, 20, 22, 43
9, 38, 42, 45, 48, 51
12, 23, 26, 27, 46, 49
6, 18, 25, 32, 46, 50
8, 25, 31, 37, 50, 53
2, 8, 20, 31, 39, 51
2, 8, 29, 31, 36, 43
3, 4, 6, 17, 30, 53
16, 23, 27, 32, 48, 50
10, 14, 15, 27, 35, 45
1, 13, 39, 40, 44, 48
5, 27, 35, 38, 48, 49
17, 26, 35, 45, 52, 53
2, 8, 27, 40, 43, 47
4, 9, 15, 26, 36, 45
6, 13, 19, 46, 50, 53
4, 7, 13, 22, 32, 50
7, 19, 27, 40, 44, 46
7, 12, 15, 28, 38, 53
1, 25, 34, 42, 44, 48
9, 16, 29, 33, 43, 45
6, 7, 15, 25, 27, 42
8, 16, 22, 25, 35, 45
13, 23, 32, 34, 46, 47
16, 17, 30, 31, 40, 44
4, 13, 23, 39, 44, 46
3, 7, 11, 19, 25, 30
19, 21, 23, 29, 43, 46
3, 6, 29, 31, 44, 46
9, 37, 41, 43, 45, 51
10, 15, 25, 38, 40, 42
29, 33, 34, 38, 44, 51
1, 22, 49, 50, 51, 53
16, 18, 25, 30, 49, 50
9, 20, 24, 25, 33, 34
16, 21, 28, 33, 37, 43
19, 24, 25, 28, 36, 41
9, 15, 19, 20, 24, 47
22, 31, 35, 36, 46, 48
10, 12, 24, 27, 37, 48
12, 13, 19, 21, 42, 53
15, 22, 25, 27, 36, 45
2, 11, 28, 37, 42, 51
11, 21, 25, 32, 43, 50
1, 13, 18, 21, 37, 43
2, 3, 6, 12, 20, 51
1, 9, 12, 13, 24, 27
7, 8, 27, 28, 47, 51
2, 5, 9, 18, 22, 25
6, 10, 22, 25, 28, 48
4, 11, 21, 23, 27, 38
7, 8, 16, 21, 30, 32
12, 17, 18, 22, 36, 52
8, 11, 26, 29, 40, 44
15, 16, 25, 42, 47, 53
1, 8, 13, 21, 32, 34
28, 30, 34, 40, 46, 49
13, 19, 31, 36, 41, 51
1, 5, 13, 16, 49, 53
7, 20, 27, 29, 38, 52
12, 21, 31, 40, 43, 53
1, 4, 10, 13, 24, 45
1, 3, 4, 7, 15, 35
16, 21, 23, 27, 46, 50
10, 18, 26, 37, 43, 53
9, 20, 31, 32, 40, 45
14, 22, 24, 30, 35, 39
8, 12, 14, 39, 43, 48
3, 23, 33, 37, 38, 45
2, 5, 19, 30, 31, 46
10, 14, 16, 34, 38, 47
6, 10, 16, 40, 46, 48
10, 14, 16, 27, 41, 47
22, 29, 42, 46, 47, 52
20, 25, 33, 36, 51, 52
1, 11, 29, 35, 36, 46
14, 19, 25, 30, 37, 40
22, 31, 35, 43, 44, 51
3, 5, 11, 27, 36, 44
1, 5, 18, 20, 40, 49
4, 5, 12, 37, 49, 50
13, 15, 22, 30, 31, 32
18, 23, 34, 38, 46, 47
1, 3, 4, 15, 17, 48
11, 27, 28, 31, 47, 48
2, 6, 34, 36, 44, 50
3, 8, 31, 32, 47, 52
7, 10, 15, 42, 44, 49
7, 13, 18, 21, 32, 48
14, 26, 27, 38, 40, 45
18, 26, 31, 38, 43, 53
6, 12, 26, 28, 33, 45
3, 25, 33, 47, 51, 53
10, 21, 27, 30, 31, 32
2, 15, 18, 22, 36, 49
5, 22, 38, 39, 47, 52
1, 2, 5, 15, 31, 49
1, 13, 23, 28, 33, 38
2, 14, 18, 25, 30, 50
10, 18, 27, 43, 47, 49
10, 15, 21, 31, 32, 53
19, 20, 30, 36, 44, 51
11, 15, 16, 18, 48, 52
2, 10, 13, 33, 39, 48
6, 10, 17, 35, 38, 42
3, 13, 25, 50, 52, 53
6, 9, 15, 18, 45, 53
7, 11, 15, 37, 45, 51
2, 4, 11, 27, 32, 38
11, 14, 23, 24, 27, 41
3, 19, 24, 30, 42, 44
20, 25, 35, 37, 39, 48
5, 8, 13, 44, 46, 51
17, 22, 40, 42, 43, 46
2, 12, 16, 27, 31, 36
7, 14, 16, 19, 28, 34
6, 16, 30, 37, 50, 52
11, 23, 28, 31, 43, 48
9, 21, 34, 35, 37, 43
6, 15, 22, 25, 33, 44
6, 31, 40, 47, 48, 52
6, 16, 17, 18, 24, 41
9, 17, 25, 29, 52, 53
10, 14, 35, 42, 50, 52
14, 21, 24, 32, 41, 45
10, 12, 19, 39, 51, 53
3, 10, 25, 33, 37, 44
5, 18, 25, 30, 47, 48
11, 12, 17, 32, 36, 53
2, 18, 19, 27, 33, 52
20, 21, 32, 34, 41, 47
8, 14, 20, 28, 44, 46
4, 6, 12, 34, 49, 53
1, 17, 43, 45, 46, 50
7, 16, 17, 28, 32, 41
8, 11, 22, 46, 47, 48
19, 21, 27, 30, 36, 47
8, 12, 13, 24, 42, 43
3, 7, 11, 20, 36, 47
9, 10, 11, 18, 34, 46
3, 8, 26, 28, 31, 42
14, 26, 31, 32, 33, 34
7, 14, 31, 36, 38, 49
9, 15, 18, 19, 25, 30
14, 26, 29, 30, 38, 40
11, 19, 22, 30, 46, 49
2, 19, 32, 36, 50, 52
15, 20, 23, 37, 43, 52
4, 13, 21, 38, 48, 51
10, 21, 36, 37, 48, 52
18, 22, 23, 24, 35, 41
21, 27, 35, 41, 49, 52
11, 29, 30, 35, 42, 47
9, 19, 20, 22, 46, 48
8, 9, 19, 33, 36, 39
4, 6, 16, 25, 28, 52
6, 11, 12, 14, 18, 46
4, 13, 14, 17, 21, 35
11, 22, 40, 47, 48, 50
12, 15, 18, 24, 52, 53
5, 6, 17, 26, 27, 46
8, 11, 23, 26, 37, 49
3, 4, 11, 16, 19, 33
10, 12, 23, 31, 33, 51
2, 4, 5, 16, 34, 52
18, 23, 24, 32, 38, 50
2, 5, 28, 31, 39, 46
9, 11, 15, 29, 33, 51
3, 26, 27, 32, 37, 46
8, 15, 20, 26, 32, 36
4, 5, 18, 27, 30, 37
7, 10, 11, 13, 47, 48
15, 19, 20, 28, 34, 42
1, 8, 21, 28, 38, 47
3, 4, 25, 29, 34, 44
9, 20, 26, 29, 34, 51
9, 13, 23, 33, 39, 43
8, 13, 14, 20, 42, 43
3, 4, 6, 16, 25, 44
7, 25, 27, 41, 51, 53
5, 8, 17, 28, 40, 41
2, 6, 28, 41, 44, 51
3, 6, 24, 29, 47, 49
10, 13, 21, 22, 28, 38
8, 19, 21, 22, 45, 53
5, 10, 15, 22, 37, 49
1, 7, 15, 27, 39, 47
7, 9, 40, 43, 47, 49
7, 15, 19, 21, 25, 37
16, 18, 28, 34, 45, 51
1, 12, 17, 22, 25, 45
10, 19, 28, 36, 37, 52
15, 24, 39, 41, 42, 48
1, 18, 33, 36, 39, 41
4, 28, 32, 33, 40, 53
6, 11, 21, 28, 39, 51
14, 26, 33, 34, 43, 47
3, 13, 27, 28, 35, 52
11, 38, 39, 40, 51, 52
2, 7, 10, 11, 31, 33
8, 11, 18, 39, 40, 43
4, 10, 23, 24, 41, 52
14, 29, 40, 49, 50, 52
3, 17, 31, 34, 39, 52
3, 14, 27, 31, 50, 53
2, 9, 15, 20, 25, 46
1, 17, 27, 35, 52, 53
2, 3, 11, 15, 27, 39
2, 10, 27, 31, 34, 42
5, 14, 34, 35, 36, 44
1, 5, 9, 31, 39, 44
5, 8, 40, 44, 49, 52
3, 4, 12, 26, 40, 45
8, 22, 35, 41, 43, 52
17, 18, 23, 30, 32, 43
4, 8, 26, 35, 50, 53
4, 11, 14, 18, 42, 49
12, 14, 19, 31, 50, 52
2, 22, 24, 29, 38, 44
28, 32, 34, 46, 49, 50
2, 15, 26, 32, 34, 41
12, 13, 21, 39, 41, 46
10, 14, 23, 42, 47, 48
7, 13, 20, 32, 36, 45
2, 16, 23, 24, 34, 52
6, 16, 25, 30, 35, 50
10, 16, 35, 36, 39, 41
12, 13, 21, 31, 32, 46
3, 15, 17, 35, 43, 44
1, 25, 29, 31, 32, 47
6, 17, 33, 35, 50, 51
16, 24, 30, 36, 42, 45
5, 6, 28, 41, 43, 47
2, 8, 35, 37, 40, 53
6, 10, 21, 28, 40, 44
15, 19, 29, 37, 38, 52
19, 30, 41, 46, 48, 49
2, 7, 17, 25, 44, 53
12, 25, 28, 31, 33, 50
10, 20, 27, 30, 32, 42
19, 22, 27, 34, 38, 45
9, 12, 39, 45, 49, 51
12, 17, 27, 30, 31, 44
8, 27, 30, 33, 37, 50
2, 4, 6, 42, 43, 51
1, 3, 10, 16, 20, 45
17, 31, 34, 37, 42, 45
5, 26, 28, 33, 49, 50
3, 13, 24, 32, 42, 53
14, 27, 32, 39, 44, 53
10, 17, 22, 34, 42, 43
5, 20, 26, 27, 39, 47
21, 24, 33, 45, 48, 52
2, 7, 24, 34, 43, 47
10, 24, 26, 30, 41, 45
28, 31, 35, 36, 37, 46
6, 26, 28, 35, 43, 51
2, 4, 8, 11, 26, 32
3, 12, 16, 17, 35, 50
6, 24, 31, 36, 42, 46
7, 11, 23, 24, 36, 38
16, 20, 29, 42, 43, 48
4, 5, 12, 16, 20, 23
12, 22, 30, 34, 45, 53
5, 9, 11, 30, 31, 47
5, 21, 30, 32, 48, 52
2, 20, 24, 26, 38, 48
1, 11, 15, 44, 45, 48
7, 12, 13, 19, 26, 45
2, 38, 42, 45, 47, 50
6, 15, 18, 20, 40, 41
17, 19, 26, 27, 42, 43
12, 20, 23, 37, 48, 51
15, 29, 30, 38, 41, 53
2, 4, 6, 11, 16, 38
9, 12, 21, 47, 49, 53
26, 33, 38, 42, 44, 49
5, 18, 21, 22, 45, 51
19, 43, 45, 46, 48, 50
11, 15, 24, 27, 34, 36
5, 8, 23, 25, 28, 35
14, 16, 29, 33, 40, 46
10, 23, 27, 32, 43, 50
2, 15, 16, 34, 45, 51
2, 30, 32, 41, 51, 52
5, 7, 9, 16, 47, 52
27, 32, 36, 38, 43, 50
3, 13, 40, 42, 48, 53
3, 9, 14, 20, 22, 42
3, 27, 29, 35, 44, 50
1, 12, 18, 23, 24, 45
13, 14, 25, 29, 43, 48
18, 21, 27, 31, 38, 52
19, 20, 36, 39, 40, 47
6, 18, 22, 32, 35, 51
2, 11, 20, 32, 35, 51
27, 34, 41, 45, 48, 50
12, 15, 32, 35, 41, 53
9, 10, 22, 27, 32, 44
16, 34, 36, 38, 49, 52
5, 15, 18, 34, 37, 47
3, 13, 14, 15, 33, 34
6, 23, 32, 33, 42, 49
7, 10, 15, 20, 24, 25
16, 30, 38, 43, 51, 53
2, 5, 36, 38, 39, 53
6, 26, 38, 41, 42, 47
7, 16, 25, 33, 43, 46
4, 13, 22, 27, 30, 38
6, 12, 16, 27, 30, 44
9, 13, 18, 30, 37, 44
10, 19, 20, 25, 29, 38
6, 26, 28, 32, 36, 43
8, 23, 25, 34, 49, 53
2, 15, 19, 29, 30, 36
2, 5, 7, 31, 37, 43
5, 35, 40, 42, 43, 48
12, 18, 28, 34, 40, 53
10, 25, 27, 41, 46, 48
1, 12, 33, 37, 40, 51
9, 25, 34, 37, 40, 46
10, 17, 18, 20, 30, 41
5, 16, 23, 28, 30, 40
1, 5, 9, 23, 24, 47
14, 17, 20, 21, 43, 52
16, 22, 33, 37, 40, 41
3, 13, 18, 28, 44, 47
7, 11, 14, 15, 23, 38
11, 27, 46, 49, 50, 51
35, 37, 39, 46, 48, 52
5, 14, 25, 32, 49, 52
3, 14, 22, 47, 50, 53
20, 30, 36, 45, 49, 51
12, 13, 39, 41, 44, 50
19, 23, 24, 28, 44, 45
3, 7, 40, 42, 46, 51
4, 14, 17, 31, 39, 45
1, 2, 13, 31, 33, 53
19, 31, 33, 39, 43, 48
1, 13, 27, 33, 41, 51
5, 13, 20, 30, 47, 52
5, 9, 12, 15, 37, 45
4, 15, 25, 35, 46, 50
3, 10, 15, 19, 20, 28
6, 12, 18, 19, 38, 51
6, 17, 18, 19, 32, 36
1, 13, 18, 38, 42, 53
14, 18, 22, 28, 40, 53
9, 10, 19, 26, 31, 34
8, 10, 11, 14, 21, 50
4, 13, 35, 38, 41, 50
1, 5, 9, 10, 12, 32
2, 6, 19, 25, 41, 42
5, 11, 18, 30, 34, 44
7, 13, 22, 35, 51, 53
3, 5, 6, 9, 18, 38
3, 6, 14, 27, 39, 51
4, 13, 27, 29, 43, 49
8, 22, 25, 36, 52, 53
4, 28, 37, 43, 47, 53
6, 21, 33, 34, 51, 53
3, 18, 24, 46, 51, 53
2, 4, 25, 28, 38, 46
2, 9, 20, 21, 26, 44
5, 6, 14, 15, 44, 50
2, 10, 29, 34, 46, 51
5, 19, 20, 28, 43, 47
2, 26, 27, 29, 46, 51
7, 28, 31, 32, 34, 43
3, 27, 36, 40, 45, 49
1, 13, 19, 24, 39, 44
5, 17, 28, 44, 51, 53
4, 8, 11, 17, 34, 37
2, 10, 18, 30, 35, 49
1, 2, 9, 25, 28, 33
3, 5, 15, 18, 30, 31
9, 10, 20, 25, 37, 51
17, 18, 19, 28, 30, 37
22, 27, 31, 33, 40, 42
5, 15, 21, 42, 47, 53
19, 22, 27, 31, 34, 52
1, 5, 14, 32, 40, 46
14, 20, 33, 40, 42, 48
9, 15, 27, 32, 35, 47
13, 14, 18, 29, 32, 49
1, 14, 19, 39, 44, 45
3, 7, 37, 46, 51, 53
2, 25, 30, 34, 49, 51
3, 34, 38, 42, 45, 52
1, 2, 10, 17, 26, 30
12, 18, 26, 32, 36, 43
9, 10, 22, 25, 39, 43
6, 19, 34, 40, 42, 50
11, 23, 30, 41, 44, 50
2, 4, 24, 30, 39, 40
27, 33, 43, 48, 50, 51
17, 24, 26, 28, 51, 53
4, 12, 22, 23, 29, 32
5, 15, 31, 32, 45, 47
6, 28, 45, 46, 50, 51
29, 32, 48, 50, 51, 53
16, 33, 38, 42, 46, 51
8, 14, 27, 38, 49, 51
11, 14, 21, 46, 49, 51
23, 29, 33, 39, 45, 48
12, 15, 25, 26, 47, 51
16, 22, 36, 38, 42, 43
4, 13, 16, 41, 45, 47
10, 12, 18, 25, 27, 49
1, 11, 12, 24, 31, 33
26, 30, 35, 39, 45, 46
1, 4, 14, 33, 36, 43
2, 12, 23, 27, 44, 48
18, 27, 28, 30, 35, 43
3, 10, 18, 27, 41, 43
1, 17, 27, 36, 42, 51
6, 7, 16, 26, 44, 45
2, 4, 21, 27, 32, 45
1, 7, 9, 22, 26, 30
4, 15, 19, 23, 31, 53
4, 27, 29, 31, 41, 43
2, 25, 31, 45, 52, 53
3, 13, 14, 30, 35, 46
5, 18, 28, 37, 42, 49
4, 8, 40, 41, 44, 48
18, 22, 34, 39, 48, 53
12, 14, 20, 26, 32, 52
4, 8, 36, 37, 40, 50
16, 23, 24, 26, 27, 28
9, 18, 22, 37, 44, 46
15, 22, 34, 40, 42, 47
10, 13, 23, 49, 51, 53
11, 12, 31, 35, 37, 45
13, 17, 19, 23, 39, 50
24, 31, 33, 42, 49, 51
2, 21, 23, 25, 33, 34
2, 8, 9, 25, 35, 53
11, 29, 30, 37, 45, 53
12, 13, 14, 25, 28, 36
1, 5, 13, 18, 28, 32
5, 14, 17, 21, 23, 53
5, 23, 24, 26, 29, 51
4, 5, 35, 40, 46, 53
3, 16, 26, 30, 34, 48
4, 16, 31, 33, 46, 50
8, 9, 19, 23, 26, 27
20, 21, 22, 35, 45, 53
4, 15, 39, 40, 42, 50
8, 9, 13, 18, 20, 46
20, 25, 34, 35, 46, 53
20, 23, 24, 41, 47, 51
10, 12, 18, 27, 36, 51
15, 20, 23, 36, 38, 44
14, 30, 32, 34, 52, 53
1, 3, 19, 22, 33, 37
2, 12, 16, 29, 43, 52
7, 9, 22, 45, 47, 52
9, 27, 31, 37, 41, 44
11, 14, 38, 43, 51, 52
2, 12, 40, 44, 47, 49
2, 17, 27, 32, 33, 52
2, 5, 10, 35, 51, 53
5, 9, 31, 39, 42, 51
2, 6, 15, 20, 24, 47
3, 4, 11, 17, 25, 45
4, 16, 35, 37, 43, 53
7, 16, 31, 35, 37, 53
2, 14, 26, 29, 36, 51
18, 35, 38, 40, 46, 53
4, 5, 7, 19, 34, 45
14, 28, 35, 36, 44, 50
6, 8, 19, 21, 39, 46
11, 12, 14, 22, 32, 36
5, 6, 22, 23, 43, 47
6, 12, 20, 26, 27, 34
8, 9, 15, 42, 46, 48
10, 20, 36, 44, 46, 53
4, 18, 19, 28, 33, 38
1, 19, 34, 48, 49, 52
14, 20, 22, 28, 36, 37
1, 19, 29, 43, 49, 52
6, 13, 30, 34, 46, 48
7, 14, 16, 19, 22, 35
3, 24, 44, 48, 50, 51
12, 28, 34, 43, 48, 52
1, 14, 17, 21, 40, 43
13, 24, 28, 32, 37, 47
14, 32, 40, 49, 51, 53
3, 21, 28, 38, 42, 52
5, 10, 13, 25, 26, 34
10, 15, 16, 19, 47, 52
1, 10, 16, 31, 36, 39
12, 15, 26, 32, 34, 46
2, 9, 25, 28, 32, 43
4, 7, 22, 24, 26, 27
10, 15, 28, 38, 43, 44
6, 15, 21, 26, 44, 50
1, 5, 20, 24, 28, 52
17, 20, 26, 44, 47, 50
21, 30, 39, 44, 45, 46
19, 21, 38, 43, 47, 48
5, 12, 16, 19, 45, 48
15, 20, 21, 23, 28, 52
10, 19, 30, 33, 51, 52
2, 41, 46, 48, 50, 52
12, 14, 20, 21, 34, 50
4, 8, 9, 42, 46, 53
4, 18, 26, 30, 45, 51
5, 9, 18, 24, 25, 27
3, 6, 16, 27, 32, 43
4, 12, 14, 19, 21, 51
1, 11, 17, 42, 45, 49
19, 20, 28, 37, 47, 48
10, 16, 20, 28, 40, 42
13, 15, 19, 24, 33, 40
6, 19, 22, 23, 25, 28
13, 21, 32, 37, 40, 44
9, 21, 37, 38, 39, 47
3, 8, 10, 13, 40, 53
29, 32, 38, 42, 44, 49
3, 9, 20, 30, 34, 37
14, 16, 17, 19, 25, 35
17, 20, 22, 28, 31, 34
13, 19, 20, 23, 32, 43
3, 20, 25, 29, 43, 45
16, 26, 30, 32, 36, 45
8, 19, 29, 38, 47, 49
1, 4, 13, 27, 35, 45
2, 8, 23, 26, 37, 40
4, 8, 26, 27, 28, 50
1, 3, 15, 24, 47, 52
3, 4, 7, 22, 43, 51
30, 31, 32, 44, 47, 51
10, 23, 30, 36, 40, 42
9, 15, 25, 29, 37, 38
1, 5, 11, 12, 25, 48
18, 23, 27, 35, 42, 45
5, 12, 20, 22, 39, 46
6, 14, 25, 27, 39, 53
6, 9, 16, 29, 33, 52
1, 5, 8, 43, 45, 51
17, 26, 30, 40, 45, 49
16, 20, 26, 31, 49, 53
2, 6, 8, 22, 35, 52
1, 4, 10, 13, 39, 51
5, 23, 24, 34, 36, 41
1, 7, 36, 40, 42, 53
11, 16, 21, 27, 30, 31
10, 31, 45, 50, 51, 52
7, 15, 18, 30, 47, 51
17, 22, 44, 45, 49, 53
1, 6, 41, 49, 50, 51
1, 12, 17, 26, 35, 45
1, 16, 18, 32, 40, 48
12, 22, 27, 42, 47, 49
1, 7, 9, 10, 21, 48
2, 4, 12, 19, 48, 49
4, 14, 22, 30, 44, 48
1, 6, 16, 20, 31, 43
3, 15, 24, 27, 37, 50
1, 2, 25, 29, 40, 44
3, 28, 31, 38, 39, 51
2, 12, 18, 22, 24, 25
1, 2, 14, 26, 32, 38
5, 12, 19, 24, 33, 48
5, 7, 26, 30, 37, 46
14, 37, 45, 48, 51, 52
11, 19, 24, 43, 48, 49
4, 12, 13, 15, 29, 47
16, 19, 21, 37, 50, 51
7, 12, 22, 38, 51, 53
15, 21, 32, 40, 41, 46
7, 19, 25, 37, 47, 49
10, 27, 28, 30, 45, 51
3, 4, 6, 10, 30, 42
4, 17, 20, 21, 26, 39
1, 3, 14, 22, 26, 44
10, 12, 20, 29, 38, 49
15, 16, 23, 41, 50, 52
1, 15, 16, 24, 33, 52
9, 14, 16, 22, 25, 46
1, 8, 22, 24, 27, 50
3, 10, 20, 29, 35, 50
5, 19, 20, 24, 27, 51
2, 17, 21, 22, 39, 43
11, 28, 30, 33, 36, 49
1, 6, 8, 9, 11, 22
4, 28, 30, 36, 44, 48
1, 15, 22, 35, 38, 46
1, 5, 9, 25, 52, 53
5, 10, 28, 32, 40, 42
6, 16, 30, 31, 51, 53
9, 20, 27, 37, 42, 47
14, 16, 17, 35, 46, 50
4, 11, 26, 48, 49, 53
25, 35, 40, 45, 48, 53
4, 12, 23, 34, 40, 41
6, 12, 32, 38, 40, 45
5, 8, 14, 31, 44, 51
1, 7, 13, 16, 23, 28
2, 6, 19, 38, 47, 48
6, 11, 19, 20, 34, 36
3, 6, 7, 10, 20, 29
14, 16, 26, 39, 44, 45
2, 15, 28, 34, 46, 52
9, 12, 14, 26, 31, 50
3, 12, 21, 35, 41, 50
1, 18, 19, 25, 31, 50
5, 11, 12, 27, 41, 52
1, 11, 18, 36, 37, 39
20, 31, 37, 46, 47, 49
2, 13, 19, 22, 36, 51
6, 20, 22, 44, 45, 50
1, 6, 19, 34, 43, 50
8, 21, 33, 36, 37, 38
6, 15, 30, 34, 39, 49
2, 4, 10, 26, 29, 31
3, 7, 20, 34, 38, 43
16, 29, 30, 33, 41, 50
4, 16, 20, 21, 27, 43
4, 12, 18, 24, 25, 36
20, 22, 23, 26, 35, 51
2, 16, 22, 28, 38, 42
5, 6, 13, 16, 21, 48
4, 9, 19, 44, 48, 50
1, 6, 11, 32, 41, 43
13, 15, 34, 38, 44, 49
26, 31, 32, 43, 44, 45
2, 4, 9, 14, 18, 39
19, 29, 36, 37, 45, 46
6, 21, 22, 39, 43, 44
16, 20, 28, 33, 47, 48
4, 15, 19, 38, 47, 50
4, 27, 28, 35, 37, 45
12, 14, 27, 30, 42, 46
12, 19, 22, 23, 26, 29
14, 15, 29, 38, 39, 49
2, 8, 12, 15, 18, 47
1, 8, 13, 31, 34, 48
20, 35, 36, 46, 48, 53
26, 30, 41, 43, 46, 48
17, 19, 24, 27, 30, 47
5, 9, 17, 33, 40, 50
2, 8, 9, 36, 42, 48
4, 6, 13, 32, 49, 51
1, 8, 21, 23, 31, 36
2, 8, 22, 24, 27, 48
15, 18, 28, 34, 37, 47
1, 5, 15, 16, 41, 51
3, 13, 21, 30, 32, 42
15, 18, 24, 29, 31, 48
17, 23, 27, 35, 36, 40
3, 15, 25, 45, 46, 48
9, 14, 16, 20, 28, 45
14, 21, 26, 31, 35, 49
1, 23, 29, 31, 38, 53
21, 25, 32, 37, 39, 43
6, 23, 25, 36, 43, 49
3, 28, 34, 44, 52, 53
7, 14, 20, 22, 27, 33
10, 15, 24, 33, 39, 42
9, 12, 17, 21, 30, 49
4, 10, 24, 29, 47, 50
20, 21, 35, 39, 49, 53
10, 27, 43, 44, 48, 49
4, 25, 26, 29, 31, 33
5, 9, 36, 38, 43, 47
9, 15, 21, 44, 46, 47
1, 4, 16, 22, 47, 52
6, 17, 20, 21, 40, 43
2, 5, 7, 17, 29, 41
1, 2, 3, 4, 37, 47
3, 8, 13, 14, 18, 33
7, 14, 16, 30, 46, 48
12, 17, 20, 24, 25, 44
10, 12, 22, 24, 31, 37
6, 8, 20, 44, 45, 48
4, 7, 25, 34, 40, 46
1, 22, 27, 40, 42, 53
1, 5, 9, 37, 38, 53
9, 12, 24, 27, 50, 52
1, 6, 7, 8, 43, 50
10, 21, 22, 40, 42, 50
7, 16, 17, 27, 43, 53
7, 9, 19, 29, 49, 52
15, 25, 43, 44, 49, 53
13, 24, 26, 27, 45, 49
14, 25, 26, 35, 41, 44
5, 11, 24, 42, 43, 48
10, 17, 19, 30, 45, 49
3, 4, 5, 8, 23, 53
2, 5, 28, 30, 31, 33
1, 13, 14, 28, 36, 40
13, 21, 24, 38, 47, 48
2, 4, 16, 29, 33, 52
2, 4, 11, 14, 38, 44
19, 27, 28, 29, 33, 53
20, 25, 37, 42, 44, 48
7, 13, 17, 36, 43, 45
13, 18, 20, 29, 48, 52
1, 5, 24, 35, 42, 53
2, 4, 7, 21, 34, 48
7, 11, 32, 46, 48, 50
5, 6, 24, 30, 32, 42
6, 7, 10, 25, 39, 44
4, 5, 26, 32, 37, 38
17, 26, 31, 38, 45, 52
8, 17, 21, 41, 42, 45
1, 20, 25, 28, 41, 47
1, 13, 20, 26, 29, 31
5, 11, 39, 44, 46, 51
1, 9, 12, 30, 34, 35
15, 19, 25, 28, 36, 49
9, 22, 27, 37, 44, 47
7, 13, 16, 39, 40, 52
6, 17, 21, 31, 41, 51
3, 11, 39, 42, 45, 52
5, 16, 22, 28, 34, 42
1, 16, 19, 22, 48, 52
18, 23, 31, 41, 44, 47
1, 2, 4, 32, 33, 42
8, 16, 28, 38, 43, 49
3, 16, 19, 31, 36, 52
2, 8, 13, 17, 25, 49
15, 24, 28, 31, 46, 50
3, 6, 8, 35, 36, 40
13, 17, 28, 31, 34, 35
1, 4, 25, 26, 34, 53
11, 21, 27, 31, 44, 51
7, 13, 22, 23, 33, 52
1, 4, 22, 39, 51, 52
3, 10, 27, 34, 40, 47
2, 8, 9, 11, 13, 27
1, 2, 12, 22, 41, 46
15, 18, 19, 36, 37, 51
3, 11, 18, 25, 36, 50
1, 5, 7, 18, 19, 53
18, 29, 41, 47, 49, 53
4, 13, 14, 19, 36, 46
22, 24, 31, 33, 42, 52
12, 17, 18, 21, 46, 49
8, 17, 20, 23, 26, 47
8, 18, 19, 23, 32, 40
15, 19, 31, 36, 38, 43
9, 30, 39, 42, 44, 53
9, 20, 28, 34, 48, 50
7, 10, 19, 21, 31, 38
4, 5, 18, 37, 40, 51
4, 16, 22, 32, 46, 53
6, 14, 16, 20, 35, 36
7, 14, 15, 28, 36, 37
3, 12, 25, 38, 40, 47
13, 15, 30, 38, 52, 53
7, 13, 18, 33, 40, 42
5, 14, 30, 34, 35, 42
1, 12, 16, 23, 33, 36
3, 22, 26, 32, 40, 47
2, 17, 25, 27, 38, 50
6, 17, 25, 27, 32, 51
1, 5, 7, 12, 34, 53
1, 8, 10, 28, 30, 32
14, 18, 19, 24, 25, 45
7, 8, 23, 35, 49, 51
4, 8, 24, 28, 39, 47
10, 18, 28, 41, 44, 51
1, 19, 32, 33, 38, 48
7, 20, 25, 26, 31, 42
18, 19, 20, 21, 24, 38
4, 20, 36, 41, 44, 46
1, 12, 25, 43, 44, 51
7, 9, 20, 25, 29, 37
3, 21, 33, 43, 45, 50
5, 7, 13, 16, 30, 41
11, 29, 32, 48, 49, 53
3, 8, 11, 23, 40, 43
4, 11, 15, 22, 44, 49
16, 26, 29, 39, 45, 46
9, 10, 21, 23, 37, 53
10, 29, 39, 40, 41, 52
9, 13, 41, 45, 51, 53
1, 23, 24, 35, 39, 49
7, 14, 17, 27, 34, 52
15, 21, 23, 25, 34, 42
7, 11, 16, 20, 35, 46
5, 24, 30, 33, 37, 51
5, 15, 27, 32, 45, 46
1, 22, 25, 27, 48, 52
1, 10, 22, 24, 29, 48
3, 14, 18, 19, 29, 34
8, 20, 24, 28, 38, 42
4, 16, 21, 26, 41, 52
35, 38, 39, 43, 44, 48
3, 4, 9, 22, 36, 41
4, 31, 36, 37, 48, 51
10, 26, 29, 38, 42, 46
5, 22, 23, 36, 43, 47
8, 10, 18, 26, 40, 49
5, 10, 17, 27, 38, 47
8, 15, 23, 28, 46, 53
3, 6, 22, 29, 41, 52
2, 10, 17, 30, 37, 39
16, 44, 47, 48, 52, 53
16, 19, 20, 23, 38, 39
3, 10, 14, 17, 28, 53
14, 16, 21, 28, 34, 43
1, 11, 18, 20, 27, 40
11, 18, 20, 30, 44, 48
14, 18, 23, 31, 38, 49
6, 14, 21, 29, 30, 48
3, 14, 20, 22, 32, 50
18, 46, 47, 48, 51, 53
8, 14, 18, 22, 35, 42
10, 14, 28, 35, 42, 49
9, 11, 24, 31, 38, 39
12, 16, 17, 19, 33, 39
5, 18, 23, 30, 33, 47
7, 8, 13, 15, 28, 50
30, 31, 32, 41, 50, 53
4, 10, 12, 27, 49, 51
16, 21, 23, 29, 32, 38
1, 4, 28, 31, 40, 41
12, 16, 33, 36, 46, 47
3, 17, 29, 30, 31, 37
6, 7, 14, 29, 30, 37
1, 7, 11, 19, 27, 52
11, 13, 24, 38, 39, 42
7, 18, 25, 27, 30, 53
5, 10, 13, 18, 36, 50
13, 24, 25, 35, 36, 39
5, 19, 20, 27, 29, 53
5, 8, 14, 36, 37, 48
5, 10, 11, 40, 50, 52
13, 16, 17, 26, 39, 41
7, 12, 15, 21, 26, 43
3, 21, 39, 45, 47, 53
26, 31, 36, 40, 52, 53
7, 13, 15, 43, 45, 49
22, 23, 27, 30, 33, 47
14, 16, 19, 30, 37, 41
4, 13, 16, 34, 43, 49
15, 17, 21, 22, 47, 51
7, 10, 19, 22, 24, 48
10, 31, 33, 35, 36, 40
16, 19, 31, 38, 42, 52
2, 12, 23, 26, 39, 52
11, 13, 14, 21, 35, 43
1, 5, 19, 31, 49, 50
3, 15, 16, 27, 38, 49
5, 6, 22, 39, 47, 48
2, 13, 15, 26, 27, 34
1, 21, 25, 27, 29, 40
23, 41, 43, 46, 48, 50
6, 10, 15, 25, 42, 52
12, 15, 26, 37, 38, 52
7, 15, 20, 32, 41, 51
3, 5, 9, 18, 47, 49
6, 16, 23, 34, 36, 52
9, 20, 28, 33, 43, 45
2, 5, 15, 25, 39, 48
8, 20, 27, 29, 34, 52
11, 13, 31, 42, 45, 52
14, 15, 16, 31, 40, 44
2, 3, 9, 21, 23, 33
1, 22, 25, 31, 39, 48
3, 20, 23, 38, 39, 53
6, 18, 19, 22, 47, 53
2, 10, 14, 15, 36, 45
4, 9, 11, 37, 38, 45
6, 10, 21, 34, 45, 47
2, 18, 32, 33, 39, 40
11, 21, 31, 33, 46, 50
28, 33, 37, 41, 44, 45
4, 5, 21, 34, 45, 52
5, 19, 23, 31, 44, 46
3, 11, 13, 22, 44, 46
2, 12, 13, 14, 37, 47
6, 15, 16, 20, 29, 32
4, 21, 29, 31, 43, 51
4, 10, 27, 33, 43, 51
1, 6, 11, 12, 25, 52
4, 10, 13, 40, 41, 49
3, 10, 24, 29, 39, 45
3, 24, 26, 29, 44, 51
19, 22, 28, 32, 43, 53
9, 18, 21, 39, 40, 51
7, 16, 29, 30, 45, 53
6, 8, 14, 18, 29, 37
9, 11, 18, 28, 36, 39
16, 39, 42, 46, 47, 48
3, 13, 22, 34, 48, 52
14, 17, 26, 32, 45, 46
2, 21, 28, 31, 47, 52
9, 16, 22, 25, 47, 53
3, 6, 9, 33, 37, 48
3, 5, 9, 19, 44, 50
4, 10, 22, 32, 38, 41
8, 31, 35, 36, 44, 51
14, 20, 28, 35, 41, 49
1, 4, 6, 9, 33, 51
9, 11, 31, 40, 44, 48
16, 32, 36, 44, 48, 52
2, 5, 8, 11, 20, 40
6, 12, 13, 34, 41, 43
6, 11, 23, 27, 36, 41
3, 6, 8, 33, 35, 37
3, 7, 25, 29, 36, 52
2, 4, 14, 16, 44, 48
2, 21, 24, 44, 50, 51
3, 8, 12, 13, 20, 32
6, 10, 14, 16, 47, 51
1, 39, 41, 43, 46, 49
5, 9, 15, 16, 23, 51
7, 15, 36, 37, 39, 45
4, 22, 23, 41, 44, 53
12, 16, 23, 33, 46, 50
1, 13, 18, 29, 39, 46
2, 9, 21, 36, 39, 48
4, 5, 18, 21, 35, 48
8, 18, 31, 34, 36, 47
10, 15, 21, 25, 26, 36
1, 8, 12, 24, 45, 53
3, 8, 21, 23, 35, 51
2, 5, 9, 24, 34, 40
14, 21, 31, 42, 45, 52
13, 15, 22, 38, 43, 49
17, 19, 25, 29, 47, 52
2, 33, 38, 51, 52, 53
6, 13, 22, 39, 40, 48
8, 25, 31, 35, 43, 51
2, 11, 31, 38, 49, 52
2, 6, 10, 32, 41, 46
13, 14, 18, 26, 37, 45
18, 21, 29, 30, 35, 45
3, 6, 17, 19, 45, 48
2, 8, 20, 33, 35, 49
10, 12, 23, 34, 38, 53
1, 21, 36, 40, 44, 45
3, 11, 13, 15, 33, 50
23, 24, 32, 44, 49, 50
18, 19, 30, 31, 33, 43
8, 19, 22, 29, 32, 38
1, 2, 10, 35, 42, 44
5, 12, 14, 28, 45, 50
4, 12, 15, 24, 38, 40
9, 12, 15, 21, 33, 45
9, 17, 19, 27, 31, 43
20, 25, 29, 30, 36, 37
12, 28, 34, 40, 42, 47
2, 11, 13, 20, 27, 28
8, 17, 21, 29, 36, 42
4, 6, 15, 24, 47, 52
13, 22, 23, 35, 39, 48
10, 16, 21, 25, 37, 49
9, 11, 12, 14, 21, 39
4, 5, 8, 13, 27, 44
7, 20, 41, 43, 48, 51
2, 3, 15, 39, 44, 49
6, 9, 14, 21, 28, 29
19, 23, 28, 38, 48, 53
11, 26, 32, 44, 45, 51
3, 8, 16, 20, 43, 48
9, 23, 24, 38, 40, 47
13, 16, 17, 40, 42, 44
13, 23, 38, 41, 45, 48
1, 12, 22, 44, 46, 52
4, 8, 13, 36, 38, 45
10, 13, 35, 36, 37, 42
2, 16, 24, 32, 40, 47
9, 26, 34, 40, 42, 49
1, 8, 10, 16, 52, 53
1, 2, 25, 43, 48, 53
8, 9, 24, 36, 38, 40
8, 32, 35, 46, 47, 52
16, 24, 26, 40, 41, 45
14, 15, 23, 36, 49, 50
12, 14, 20, 25, 36, 52
15, 17, 22, 40, 41, 45
7, 9, 13, 17, 21, 43
3, 26, 36, 37, 43, 44
1, 7, 26, 40, 42, 46
7, 16, 31, 38, 39, 42
2, 7, 9, 16, 19, 45
6, 14, 37, 41, 48, 49
3, 36, 37, 41, 47, 48
10, 11, 12, 17, 28, 46
4, 5, 14, 33, 39, 46
3, 9, 11, 21, 24, 49
9, 14, 29, 31, 32, 36
11, 24, 36, 45, 46, 47
1, 3, 5, 10, 38, 49
3, 6, 36, 46, 48, 52
5, 8, 19, 34, 41, 49
2, 7, 11, 15, 43, 45
12, 16, 26, 34, 42, 47
3, 6, 16, 30, 31, 40
6, 15, 36, 42, 46, 47
20, 44, 46, 48, 52, 53
11, 12, 20, 23, 33, 44
29, 33, 46, 48, 49, 53
6, 13, 20, 27, 29, 51
3, 4, 5, 39, 47, 48
2, 3, 7, 21, 36, 43
4, 8, 17, 20, 51, 52
6, 7, 11, 13, 23, 44
6, 10, 18, 27, 28, 51
1, 8, 11, 19, 46, 53
4, 8, 15, 16, 32, 52
13, 18, 20, 28, 42, 53
8, 21, 22, 27, 40, 44
7, 13, 15, 17, 51, 53
1, 3, 4, 12, 15, 38
3, 24, 30, 35, 43, 51
2, 10, 11, 41, 42, 53
14, 15, 23, 34, 36, 37
13, 17, 20, 23, 24, 30
1, 8, 15, 19, 32, 48
1, 7, 35, 39, 43, 47
1, 6, 11, 14, 15, 29
3, 13, 42, 47, 52, 53
4, 12, 23, 32, 45, 48
1, 3, 5, 14, 28, 32
5, 13, 18, 28, 31, 43
15, 18, 21, 31, 40, 41
2, 7, 31, 40, 46, 52
1, 6, 22, 24, 32, 48
5, 8, 9, 12, 23, 27
18, 20, 35, 36, 37, 39
3, 16, 19, 20, 32, 52
25, 29, 37, 38, 44, 45
2, 29, 35, 37, 41, 42
13, 28, 30, 32, 38, 40
21, 24, 34, 41, 47, 52
17, 33, 34, 41, 49, 53
13, 19, 22, 44, 46, 52
3, 7, 8, 28, 29, 53
5, 15, 29, 35, 40, 47
6, 20, 25, 36, 44, 52
4, 36, 42, 47, 48, 52
2, 5, 33, 45, 48, 50
1, 21, 26, 30, 46, 48
7, 12, 15, 20, 34, 49
21, 24, 33, 37, 43, 46
26, 28, 36, 41, 50, 51
1, 11, 19, 33, 37, 49
3, 19, 24, 34, 37, 41
5, 6, 13, 33, 35, 40
5, 14, 19, 30, 49, 52
20, 23, 26, 32, 41, 46
10, 12, 19, 48, 49, 53
9, 14, 17, 23, 25, 29
8, 15, 18, 42, 45, 50
5, 17, 18, 24, 29, 33
7, 11, 15, 18, 24, 43
4, 9, 17, 21, 35, 51
10, 16, 21, 23, 41, 44
10, 12, 17, 28, 38, 44
2, 17, 34, 36, 43, 52
12, 14, 27, 30, 36, 44
1, 2, 29, 30, 31, 35
7, 8, 33, 35, 39, 40
8, 11, 21, 26, 28, 38
1, 5, 8, 39, 52, 53
16, 25, 26, 27, 40, 53
6, 15, 40, 45, 51, 52
2, 9, 16, 18, 34, 46
14, 21, 24, 32, 41, 45
4, 11, 36, 37, 45, 51
2, 13, 16, 17, 20, 40
11, 19, 29, 31, 37, 50
6, 7, 20, 46, 48, 51
5, 12, 19, 30, 41, 48
4, 9, 13, 40, 41, 50
13, 14, 25, 26, 37, 39
19, 24, 25, 26, 28, 44
10, 15, 21, 28, 35, 41
6, 11, 13, 24, 35, 53
1, 3, 16, 19, 25, 38
7, 11, 23, 30, 35, 47
13, 19, 30, 43, 46, 51
1, 6, 24, 27, 33, 53
5, 7, 12, 22, 31, 53
15, 30, 34, 44, 47, 49
5, 12, 21, 24, 51, 53
1, 7, 10, 12, 33, 51
2, 6, 7, 11, 21, 41
3, 12, 39, 44, 46, 51
14, 21, 27, 31, 45, 52
7, 10, 15, 17, 19, 38
23, 28, 29, 36, 37, 46
15, 28, 34, 40, 48, 50
2, 8, 23, 27, 43, 53
1, 2, 3, 9, 23, 53
1, 28, 36, 39, 44, 47
18, 23, 28, 36, 43, 45
1, 18, 23, 27, 33, 36
8, 21, 26, 27, 30, 40
14, 29, 30, 41, 43, 49
5, 12, 25, 29, 33, 34
4, 26, 39, 42, 45, 47
12, 22, 36, 42, 44, 52
3, 7, 10, 19, 24, 27
5, 28, 29, 40, 48, 51
5, 13, 32, 45, 47, 48
1, 2, 31, 40, 46, 52
6, 9, 18, 32, 39, 49
7, 9, 10, 42, 45, 49
2, 26, 36, 37, 40, 43
3, 4, 5, 38, 39, 41
22, 27, 31, 38, 39, 42
15, 21, 22, 24, 39, 41
3, 8, 9, 12, 33, 52
12, 13, 21, 26, 46, 48
4, 19, 30, 46, 49, 53
12, 20, 41, 43, 49, 53
10, 14, 15, 31, 34, 50
2, 9, 12, 24, 31, 46
1, 3, 7, 23, 33, 44
19, 20, 24, 27, 42, 51
8, 19, 31, 37, 41, 51
8, 19, 21, 23, 36, 40
16, 19, 26, 31, 39, 50
9, 17, 27, 44, 48, 51
2, 6, 17, 26, 31, 40
7, 11, 21, 28, 43, 46
8, 14, 18, 29, 33, 37
13, 26, 50, 51, 52, 53
9, 18, 21, 22, 33, 51
2, 7, 18, 29, 35, 44
11, 22, 29, 34, 44, 46
5, 7, 10, 24, 28, 43
3, 14, 40, 42, 45, 51
4, 8, 20, 24, 35, 43
2, 11, 15, 19, 24, 26
5, 7, 15, 30, 46, 48
3, 10, 24, 25, 49, 52
1, 2, 21, 42, 45, 49
6, 21, 40, 46, 51, 52
13, 22, 27, 36, 43, 52
1, 3, 4, 9, 33, 38
4, 12, 14, 26, 36, 46
3, 19, 22, 28, 34, 37
6, 8, 15, 22, 47, 50
5, 9, 26, 30, 34, 39
4, 6, 19, 20, 38, 48
21, 27, 39, 48, 49, 53
15, 23, 30, 48, 49, 52
7, 11, 13, 36, 37, 51
5, 6, 9, 23, 30, 41
2, 9, 13, 22, 26, 37
5, 10, 14, 17, 28, 33
3, 10, 11, 20, 42, 43
2, 27, 43, 44, 47, 52
3, 5, 17, 24, 34, 53
3, 14, 17, 32, 33, 34
10, 24, 34, 37, 39, 45
1, 6, 14, 17, 21, 34
3, 11, 15, 22, 37, 38
2, 13, 20, 26, 45, 53
9, 16, 29, 44, 48, 51
12, 20, 22, 32, 34, 41
1, 4, 5, 37, 38, 51
4, 11, 13, 17, 20, 28
11, 31, 34, 39, 47, 52
7, 11, 39, 46, 50, 53
3, 8, 12, 28, 34, 48
1, 15, 22, 27, 31, 43
2, 12, 13, 27, 48, 50
1, 5, 12, 19, 32, 44
7, 15, 32, 34, 43, 48
1, 3, 22, 28, 36, 40
1, 7, 17, 32, 33, 34
11, 34, 43, 45, 46, 51
3, 9, 36, 41, 42, 44
7, 14, 16, 23, 36, 43
8, 9, 25, 38, 50, 52
4, 15, 26, 28, 35, 47
10, 16, 20, 34, 38, 45
1, 15, 17, 23, 31, 33
24, 26, 28, 29, 42, 50
13, 18, 24, 33, 37, 50
6, 9, 16, 24, 31, 42
1, 12, 25, 33, 35, 42
8, 10, 15, 34, 39, 45
2, 3, 4, 10, 18, 26
4, 16, 31, 36, 41, 44
30, 38, 39, 43, 44, 49
4, 10, 28, 32, 35, 43
1, 10, 17, 19, 22, 31
1, 3, 4, 12, 15, 33
7, 14, 19, 31, 48, 52
6, 9, 18, 20, 41, 45
5, 9, 18, 31, 44, 48
1, 11, 25, 26, 45, 50
5, 8, 9, 16, 20, 45
21, 26, 32, 35, 39, 44
6, 20, 27, 33, 42, 45
1, 23, 24, 31, 32, 52
1, 2, 6, 14, 19, 31
5, 14, 35, 41, 47, 49
6, 12, 17, 21, 26, 42
9, 15, 17, 18, 26, 28
7, 18, 37, 41, 45, 51
4, 6, 7, 19, 32, 39
29, 37, 38, 39, 42, 44
26, 33, 40, 44, 46, 52
1, 8, 11, 20, 47, 52
1, 8, 15, 44, 46, 47
3, 12, 20, 22, 31, 52
4, 21, 28, 37, 41, 44
9, 16, 34, 39, 41, 46
8, 36, 46, 47, 48, 52
15, 23, 38, 48, 52, 53
15, 27, 30, 36, 43, 44
20, 32, 34, 41, 42, 45
14, 21, 22, 24, 44, 48
4, 9, 14, 18, 35, 47
4, 6, 7, 31, 44, 49
11, 12, 27, 35, 38, 45
13, 19, 23, 38, 42, 51
8, 33, 36, 40, 43, 51
3, 8, 24, 38, 39, 40
9, 12, 17, 29, 35, 50
5, 8, 12, 18, 31, 36
11, 26, 36, 45, 46, 52
6, 12, 15, 30, 41, 44
25, 28, 38, 42, 44, 48
11, 14, 39, 41, 49, 53
5, 34, 38, 40, 45, 52
4, 5, 12, 19, 23, 49
3, 4, 6, 39, 48, 52
13, 35, 38, 40, 49, 52
15, 35, 41, 45, 46, 48
11, 16, 19, 21, 37, 45
10, 30, 36, 41, 49, 51
5, 16, 26, 41, 48, 53
2, 27, 36, 43, 44, 52
17, 25, 28, 45, 47, 48
2, 6, 19, 31, 36, 39
3, 25, 32, 33, 34, 51
4, 14, 17, 37, 42, 50
6, 12, 16, 37, 46, 52
15, 36, 42, 46, 48, 53
6, 8, 15, 36, 40, 47
4, 10, 27, 41, 52, 53
3, 4, 21, 25, 35, 40
5, 30, 34, 44, 47, 49
24, 27, 33, 38, 50, 52
5, 8, 16, 18, 21, 51
4, 14, 23, 42, 46, 50
8, 14, 15, 34, 41, 42
3, 12, 22, 28, 43, 51
7, 36, 41, 42, 44, 47
16, 20, 32, 43, 48, 52
1, 5, 13, 24, 28, 52
19, 23, 26, 28, 49, 52
6, 19, 23, 48, 51, 52
15, 29, 37, 40, 42, 43
15, 23, 29, 40, 43, 48
9, 29, 31, 42, 43, 50
5, 6, 9, 11, 26, 39
8, 11, 13, 35, 38, 39
1, 5, 8, 29, 30, 46
8, 20, 25, 28, 42, 44
24, 25, 43, 46, 48, 53
2, 15, 24, 34, 39, 52
6, 13, 22, 27, 37, 50
3, 14, 24, 30, 33, 38
14, 16, 28, 37, 45, 51
15, 29, 38, 47, 50, 51
16, 20, 26, 27, 37, 53
10, 24, 30, 36, 41, 44
12, 22, 32, 38, 43, 53
8, 11, 14, 25, 33, 39
4, 20, 40, 43, 46, 53
12, 16, 23, 29, 32, 48
1, 12, 21, 33, 34, 40
1, 4, 6, 37, 38, 51
1, 8, 15, 32, 40, 43
7, 8, 9, 12, 13, 25
10, 11, 14, 18, 40, 41
1, 2, 32, 35, 38, 47
2, 15, 21, 22, 24, 45
10, 16, 17, 26, 42, 47
8, 21, 34, 35, 37, 40
20, 24, 29, 30, 36, 53
3, 9, 10, 20, 31, 52
6, 17, 30, 34, 39, 47
5, 7, 9, 25, 43, 49
4, 17, 18, 19, 45, 47
7, 10, 21, 33, 39, 41
7, 12, 30, 48, 49, 51
5, 29, 31, 38, 52, 53
3, 4, 5, 7, 19, 30
1, 2, 5, 41, 49, 50
6, 12, 19, 26, 30, 31
9, 10, 23, 24, 37, 38
2, 10, 16, 27, 48, 49
6, 9, 17, 38, 43, 52
7, 8, 10, 20, 44, 47
5, 6, 14, 23, 24, 29
4, 15, 23, 24, 42, 46
3, 7, 11, 19, 40, 41
2, 7, 9, 22, 29, 42
5, 7, 18, 24, 49, 53
23, 33, 35, 37, 51, 52
4, 11, 32, 38, 40, 49
20, 23, 37, 41, 46, 51
3, 12, 16, 30, 37, 46
7, 9, 11, 34, 40, 47
8, 16, 17, 26, 45, 47
26, 31, 32, 34, 36, 52
1, 13, 18, 24, 40, 53
2, 3, 5, 22, 41, 45
3, 11, 24, 29, 35, 51
31, 32, 39, 41, 50, 52
4, 5, 20, 23, 38, 48
4, 15, 27, 29, 33, 50
14, 24, 29, 30, 51, 52
11, 12, 21, 26, 35, 48
12, 17, 19, 20, 33, 37
6, 8, 26, 28, 36, 50
7, 18, 19, 23, 35, 52
5, 8, 18, 19, 47, 48
7, 20, 35, 36, 38, 48
4, 7, 9, 11, 30, 41
9, 12, 14, 33, 35, 52
9, 12, 29, 32, 33, 42
4, 5, 23, 32, 37, 47
37, 39, 42, 47, 49, 51
18, 38, 40, 43, 46, 52
4, 11, 15, 22, 23, 27
13, 21, 25, 26, 37, 46
1, 4, 25, 27, 48, 49
11, 22, 39, 40, 48, 49
3, 4, 12, 20, 40, 43
2, 5, 9, 20, 26, 38
22, 26, 34, 35, 40, 47
12, 14, 20, 22, 33, 42
2, 8, 14, 19, 22, 29
5, 9, 12, 17, 31, 46
15, 19, 28, 29, 38, 51
6, 10, 15, 24, 36, 46
5, 13, 24, 35, 41, 46
1, 7, 19, 22, 26, 29
2, 3, 23, 38, 43, 48
8, 27, 33, 39, 40, 46
14, 27, 30, 33, 37, 38
6, 8, 21, 24, 41, 53
6, 8, 11, 16, 17, 48
2, 6, 17, 39, 44, 45
6, 15, 25, 37, 40, 52
17, 25, 29, 40, 47, 49
10, 16, 35, 40, 41, 42
5, 25, 29, 32, 41, 48
5, 33, 46, 47, 49, 52
6, 12, 29, 41, 44, 48
7, 13, 24, 29, 36, 37
3, 7, 8, 25, 36, 45
1, 11, 35, 37, 38, 47
2, 3, 25, 30, 35, 40
2, 7, 12, 17, 28, 41
4, 9, 22, 29, 45, 52
2, 3, 36, 38, 43, 52
5, 26, 38, 43, 50, 53
11, 12, 15, 29, 36, 42
8, 13, 17, 25, 27, 37
1, 3, 4, 8, 13, 43
4, 11, 22, 31, 34, 37
13, 23, 26, 34, 38, 51
1, 15, 18, 21, 22, 51
2, 19, 25, 26, 36, 40
5, 7, 24, 27, 29, 31
4, 7, 29, 34, 50, 51
1, 10, 22, 26, 29, 32
5, 13, 22, 38, 40, 49
5, 15, 29, 37, 39, 52
6, 21, 26, 30, 50, 51
12, 21, 25, 34, 47, 53
14, 15, 17, 30, 33, 53
14, 22, 27, 49, 50, 52
9, 16, 30, 41, 44, 51
15, 16, 20, 32, 45, 50
2, 9, 13, 17, 39, 44
7, 9, 10, 24, 32, 52
20, 41, 42, 45, 49, 52
5, 8, 18, 19, 31, 39
4, 8, 12, 17, 19, 28
11, 19, 26, 28, 31, 47
7, 21, 23, 27, 36, 43
6, 21, 28, 30, 31, 34
6, 36, 37, 41, 48, 50
23, 29, 32, 34, 41, 44
8, 17, 18, 21, 32, 42
1, 4, 9, 16, 46, 52
17, 22, 29, 42, 46, 52
9, 10, 20, 25, 27, 39
7, 8, 30, 34, 35, 38
2, 3, 16, 30, 45, 50
25, 27, 29, 32, 47, 52
8, 10, 18, 21, 31, 40
7, 15, 17, 29, 35, 45
4, 6, 14, 32, 40, 53
5, 23, 30, 35, 46, 50
5, 12, 20, 21, 42, 48
13, 18, 29, 31, 35, 43
18, 32, 38, 39, 43, 47
8, 18, 28, 31, 33, 46
21, 33, 34, 38, 43, 44
11, 14, 15, 37, 44, 51
6, 24, 35, 46, 47, 48
3, 14, 28, 32, 34, 35
7, 16, 24, 39, 49, 53
4, 18, 29, 30, 40, 53
5, 8, 20, 25, 29, 43
3, 22, 32, 35, 43, 48
23, 34, 42, 44, 47, 53
5, 21, 32, 33, 39, 48
6, 15, 23, 24, 34, 38
14, 16, 17, 19, 43, 45
16, 19, 25, 39, 48, 52
18, 19, 20, 41, 50, 51
16, 31, 33, 39, 43, 53
8, 11, 19, 25, 46, 52
6, 9, 11, 30, 31, 51
5, 8, 21, 27, 50, 51
6, 15, 16, 37, 41, 50
19, 20, 28, 36, 45, 49
1, 23, 29, 39, 40, 45
19, 21, 34, 38, 44, 53
6, 7, 12, 20, 24, 36
1, 17, 20, 31, 32, 37
4, 9, 10, 22, 30, 50
7, 10, 12, 27, 35, 51
4, 10, 11, 17, 18, 29
16, 36, 39, 41, 45, 50
1, 25, 27, 28, 39, 48
23, 28, 30, 40, 43, 47
1, 4, 24, 37, 44, 46
6, 20, 25, 31, 32, 45
13, 16, 19, 20, 27, 33
8, 17, 24, 34, 40, 41
4, 19, 23, 40, 44, 50
6, 12, 14, 30, 40, 41
2, 5, 6, 18, 37, 42
2, 5, 13, 28, 31, 41
13, 23, 30, 38, 40, 53
2, 4, 8, 10, 30, 33
6, 9, 11, 14, 29, 36
1, 9, 10, 21, 33, 35
3, 15, 19, 24, 37, 51
15, 31, 32, 33, 38, 49
4, 23, 29, 38, 45, 52
7, 12, 27, 29, 42, 45
18, 38, 41, 43, 50, 53
2, 11, 21, 23, 31, 33
9, 14, 25, 28, 33, 40
3, 6, 18, 24, 31, 36
18, 21, 23, 35, 45, 52
10, 28, 33, 34, 36, 51
6, 24, 26, 28, 31, 50
13, 15, 21, 41, 42, 44
5, 16, 26, 29, 41, 48
8, 29, 38, 39, 49, 50
11, 31, 34, 36, 43, 49
18, 27, 33, 34, 36, 42
6, 9, 19, 27, 28, 50
3, 12, 24, 27, 42, 43
22, 25, 26, 38, 41, 49
4, 19, 29, 32, 44, 49
16, 36, 37, 41, 45, 46
16, 17, 22, 28, 45, 50
4, 27, 28, 33, 42, 44
1, 6, 10, 38, 46, 49
5, 11, 12, 31, 37, 46
4, 19, 26, 29, 39, 50
16, 29, 31, 37, 41, 53
7, 11, 20, 30, 45, 53
11, 13, 14, 15, 16, 34
5, 8, 21, 33, 41, 50
3, 4, 22, 42, 45, 47
12, 13, 36, 38, 44, 51
1, 3, 9, 11, 22, 26
4, 17, 29, 44, 46, 47
19, 25, 26, 32, 37, 45
4, 8, 11, 15, 46, 53
6, 9, 18, 36, 46, 53
14, 34, 36, 39, 49, 53
28, 32, 37, 45, 49, 52
4, 6, 26, 27, 33, 45
3, 32, 34, 39, 44, 51
13, 19, 20, 31, 38, 49
13, 17, 42, 48, 49, 50
7, 12, 17, 19, 42, 53
5, 7, 31, 39, 44, 45
4, 8, 17, 22, 25, 35
8, 16, 31, 37, 45, 48
7, 18, 20, 27, 37, 51
5, 16, 18, 19, 20, 37
1, 2, 6, 24, 26, 51
2, 6, 25, 31, 37, 50
11, 23, 33, 39, 40, 49
2, 6, 11, 18, 38, 48
28, 31, 32, 45, 48, 49
2, 22, 26, 44, 46, 47
5, 8, 16, 20, 28, 51
8, 14, 22, 26, 33, 51
2, 17, 24, 26, 48, 51
5, 6, 9, 25, 39, 41
4, 8, 37, 41, 43, 48
7, 16, 17, 34, 44, 47
21, 22, 33, 34, 38, 52
2, 14, 27, 31, 43, 53
4, 14, 22, 44, 50, 52
1, 5, 8, 36, 37, 44
11, 23, 24, 26, 44, 45
6, 9, 16, 31, 32, 42
4, 6, 9, 22, 30, 53
11, 19, 43, 44, 47, 53
6, 12, 22, 23, 49, 51
18, 25, 31, 41, 44, 47
2, 9, 30, 34, 39, 53
8, 10, 11, 14, 23, 36
6, 10, 22, 44, 46, 48
8, 12, 19, 26, 34, 45
2, 11, 12, 39, 42, 43
4, 8, 13, 36, 37, 39
2, 12, 16, 25, 35, 47
20, 28, 29, 39, 43, 49
5, 7, 13, 26, 27, 52
2, 9, 11, 17, 23, 49
1, 6, 9, 12, 38, 49
7, 9, 22, 23, 27, 43
1, 10, 24, 27, 44, 47
5, 18, 20, 27, 42, 53
20, 21, 36, 42, 48, 53
3, 6, 9, 14, 29, 46
1, 17, 37, 40, 41, 45
6, 17, 40, 49, 51, 52
13, 16, 28, 30, 38, 50
8, 9, 10, 29, 37, 47
4, 6, 7, 15, 18, 52
9, 14, 19, 29, 44, 51
4, 25, 33, 40, 41, 45
1, 10, 20, 23, 41, 51
1, 12, 19, 35, 37, 48
4, 12, 31, 33, 37, 44
4, 11, 29, 39, 47, 51
18, 20, 27, 38, 48, 51
12, 15, 20, 26, 28, 39
9, 18, 19, 20, 43, 46
1, 21, 27, 31, 34, 52
8, 9, 10, 29, 38, 53
2, 9, 23, 27, 42, 47
15, 18, 19, 36, 42, 48
7, 16, 27, 39, 47, 53
7, 9, 21, 22, 44, 47
5, 13, 27, 34, 42, 46
8, 29, 40, 42, 43, 45
6, 15, 23, 32, 33, 38
5, 6, 17, 23, 26, 38
2, 12, 32, 36, 40, 43
7, 18, 19, 26, 32, 33
7, 13, 16, 28, 38, 47
24, 41, 42, 46, 47, 52
11, 31, 38, 40, 41, 47
1, 24, 25, 26, 42, 45
9, 27, 31, 38, 41, 43
4, 6, 8, 22, 37, 40
14, 15, 33, 37, 43, 52
3, 14, 18, 27, 28, 47
2, 28, 35, 37, 50, 51
1, 14, 17, 32, 40, 46
16, 17, 19, 36, 42, 44
19, 30, 36, 41, 44, 52
6, 23, 35, 36, 38, 50
12, 13, 17, 22, 41, 53
5, 21, 23, 30, 31, 42
7, 8, 40, 41, 44, 45
4, 5, 13, 31, 47, 50
9, 17, 30, 36, 45, 49
19, 23, 34, 35, 41, 48
11, 15, 22, 23, 25, 42
7, 10, 15, 20, 22, 38
2, 14, 15, 25, 46, 52
3, 20, 28, 29, 44, 51
1, 13, 23, 26, 41, 47
3, 25, 35, 41, 46, 53
6, 11, 29, 30, 41, 48
4, 7, 25, 33, 46, 48
3, 11, 29, 36, 38, 48
8, 13, 16, 17, 40, 46
4, 10, 19, 34, 38, 45
13, 20, 33, 38, 41, 45
13, 23, 31, 33, 35, 38
8, 29, 30, 41, 42, 46
1, 33, 34, 40, 41, 53
2, 15, 21, 32, 45, 53
10, 23, 25, 30, 37, 39
6, 31, 32, 41, 44, 47
19, 22, 23, 32, 36, 47
5, 14, 25, 30, 33, 46
10, 15, 25, 35, 47, 53
10, 11, 18, 28, 37, 50
1, 4, 11, 24, 42, 53
14, 33, 34, 35, 38, 46
9, 17, 20, 29, 41, 49
5, 14, 17, 28, 36, 39
6, 10, 26, 37, 46, 50
11, 17, 26, 29, 47, 48
1, 7, 8, 11, 13, 51
7, 9, 12, 14, 41, 44
23, 25, 27, 28, 33, 44
1, 5, 10, 21, 27, 38
16, 20, 22, 32, 44, 51
19, 23, 28, 34, 35, 46
22, 29, 31, 36, 46, 51
3, 6, 25, 28, 33, 37
2, 13, 16, 26, 48, 51
10, 21, 22, 37, 42, 49
4, 10, 20, 27, 34, 52
6, 10, 18, 23, 27, 34
2, 20, 23, 33, 43, 50
3, 12, 18, 19, 24, 45
6, 9, 18, 29, 52, 53
4, 5, 16, 25, 27, 37
17, 18, 23, 29, 34, 51
1, 2, 15, 16, 42, 44
10, 12, 20, 25, 28, 39
4, 8, 22, 26, 32, 49
4, 12, 18, 20, 33, 49
22, 31, 32, 36, 48, 51
2, 20, 25, 26, 28, 30
4, 11, 22, 44, 45, 47
7, 8, 37, 49, 51, 53
11, 18, 20, 24, 27, 51
3, 11, 22, 23, 24, 51
7, 11, 14, 34, 42, 48
3, 4, 10, 29, 30, 38
10, 11, 18, 24, 26, 35
12, 18, 31, 33, 43, 46
6, 20, 22, 24, 32, 41
1, 12, 14, 27, 38, 42
15, 19, 33, 46, 47, 51
8, 12, 13, 24, 27, 41
2, 3, 6, 7, 27, 45
1, 20, 37, 42, 44, 45
21, 27, 28, 38, 42, 49
6, 8, 35, 37, 49, 53
3, 5, 17, 19, 35, 39
18, 24, 27, 32, 38, 46
5, 11, 19, 32, 36, 45
11, 14, 25, 37, 40, 41
13, 14, 28, 33, 34, 45
7, 19, 29, 30, 36, 50
16, 24, 28, 37, 46, 47
16, 26, 32, 41, 46, 49
3, 10, 26, 40, 41, 52
12, 31, 34, 37, 48, 52
12, 19, 20, 29, 36, 49
4, 6, 21, 38, 45, 53
8, 24, 33, 36, 50, 51
8, 13, 14, 32, 43, 48
8, 14, 15, 16, 18, 26
4, 8, 21, 22, 44, 49
10, 30, 39, 41, 48, 49
6, 31, 34, 44, 45, 49
4, 10, 28, 35, 44, 49
7, 10, 13, 16, 22, 24
4, 34, 35, 36, 39, 52
8, 15, 26, 28, 29, 32
1, 6, 32, 38, 41, 53
12, 14, 28, 32, 41, 42
18, 23, 26, 40, 43, 45
3, 15, 19, 22, 47, 53
1, 18, 25, 33, 39, 43
28, 31, 36, 39, 42, 44
9, 11, 17, 18, 45, 46
6, 9, 11, 44, 45, 52
21, 22, 23, 40, 48, 53
4, 7, 12, 30, 41, 46
9, 14, 25, 37, 42, 52
5, 9, 25, 31, 50, 53
10, 11, 12, 35, 41, 52
9, 19, 27, 41, 48, 52
21, 31, 45, 47, 48, 52
3, 16, 23, 39, 47, 49
5, 11, 28, 37, 39, 48
14, 18, 19, 24, 37, 46
6, 12, 13, 34, 42, 52
9, 19, 22, 27, 33, 53
15, 29, 40, 50, 52, 53
14, 23, 28, 50, 52, 53
23, 24, 28, 32, 33, 39
1, 6, 13, 21, 22, 39
5, 7, 23, 24, 36, 48
1, 8, 22, 46, 47, 50
1, 24, 28, 34, 49, 51
4, 7, 14, 26, 28, 34
8, 9, 20, 43, 48, 53
10, 17, 20, 21, 22, 35
13, 20, 27, 33, 41, 43
1, 5, 20, 23, 31, 38
4, 7, 8, 11, 20, 27
7, 20, 33, 34, 37, 40
3, 5, 23, 35, 36, 42
2, 5, 12, 19, 26, 43
5, 9, 14, 21, 22, 42
6, 9, 21, 29, 40, 52
12, 15, 24, 30, 40, 48
3, 13, 19, 22, 49, 53
6, 37, 41, 43, 45, 47
15, 22, 28, 37, 42, 49
7, 8, 27, 28, 30, 33
1, 15, 24, 38, 39, 50
6, 17, 23, 24, 36, 40
3, 8, 10, 30, 42, 47
3, 7, 8, 10, 22, 42
2, 23, 29, 32, 37, 50
5, 17, 28, 31, 47, 51
6, 13, 26, 29, 32, 45
13, 15, 29, 35, 45, 49
5, 7, 25, 36, 38, 50
7, 10, 15, 24, 25, 29
19, 22, 29, 36, 48, 50
4, 10, 11, 26, 27, 39
14, 20, 22, 44, 50, 52
3, 4, 15, 39, 44, 48
1, 3, 13, 25, 31, 39
10, 12, 23, 27, 50, 53
9, 23, 26, 28, 36, 53
1, 5, 18, 22, 27, 50
4, 10, 23, 36, 40, 48
6, 10, 11, 31, 36, 52
12, 14, 16, 23, 26, 45
13, 15, 24, 26, 35, 43
5, 10, 22, 25, 39, 45
17, 29, 32, 47, 48, 52
5, 13, 27, 29, 32, 37
26, 31, 34, 44, 46, 53
3, 6, 21, 25, 27, 32
5, 26, 34, 40, 41, 49
11, 13, 18, 26, 44, 50
7, 11, 23, 24, 25, 29
14, 20, 30, 31, 33, 34
7, 10, 11, 30, 37, 39
13, 15, 18, 22, 29, 44
2, 16, 24, 30, 39, 40
3, 9, 18, 38, 39, 41
7, 20, 21, 33, 39, 51
16, 25, 27, 30, 34, 44
15, 27, 32, 33, 34, 45
1, 6, 17, 30, 42, 49
20, 26, 28, 30, 32, 45
9, 33, 40, 42, 50, 51
8, 12, 16, 23, 38, 41
3, 29, 32, 44, 48, 50
5, 24, 25, 33, 38, 43
13, 27, 30, 33, 34, 40
13, 26, 30, 32, 37, 42
9, 27, 28, 30, 42, 51
8, 21, 29, 35, 41, 43
4, 7, 25, 37, 45, 51
15, 22, 29, 31, 35, 51
1, 7, 8, 11, 14, 52
1, 3, 6, 11, 14, 50
2, 13, 16, 34, 36, 43
7, 10, 29, 33, 34, 41
17, 26, 30, 39, 49, 50
1, 8, 12, 19, 38, 53
7, 15, 38, 46, 47, 50
1, 22, 26, 29, 31, 39
6, 14, 31, 32, 48, 51
1, 22, 26, 40, 48, 50
10, 12, 28, 38, 39, 49
3, 4, 5, 9, 44, 51
5, 15, 16, 18, 21, 36
9, 10, 16, 22, 25, 28
7, 15, 30, 31, 34, 35
8, 12, 38, 44, 47, 50
15, 24, 29, 32, 51, 53
11, 19, 33, 36, 43, 44
1, 12, 23, 26, 37, 46
2, 7, 10, 14, 16, 43
14, 24, 30, 34, 43, 44
11, 24, 25, 26, 29, 51
2, 3, 8, 33, 40, 51
3, 13, 15, 29, 35, 50
3, 12, 19, 23, 28, 35
6, 19, 37, 49, 51, 53
15, 20, 23, 30, 34, 41
6, 18, 21, 23, 35, 36
2, 4, 8, 16, 24, 46
5, 10, 27, 44, 45, 50
1, 5, 12, 27, 33, 52
6, 8, 18, 39, 45, 51
12, 14, 20, 39, 42, 49
1, 8, 32, 34, 49, 52
7, 24, 28, 38, 50, 53
1, 3, 6, 18, 44, 49
4, 7, 9, 12, 18, 22
2, 3, 16, 21, 36, 39
15, 17, 21, 27, 29, 43
16, 39, 43, 46, 49, 50
1, 28, 30, 39, 49, 50
10, 25, 29, 40, 43, 48
5, 10, 23, 31, 43, 47
17, 33, 34, 46, 49, 52
12, 13, 17, 27, 32, 36
4, 19, 27, 35, 43, 48
2, 4, 12, 35, 44, 46
3, 27, 34, 36, 42, 44
5, 9, 19, 26, 45, 46
6, 11, 16, 24, 40, 52
9, 19, 24, 47, 48, 51
17, 22, 25, 30, 43, 52
13, 30, 32, 37, 40, 46
13, 20, 22, 30, 39, 48
21, 25, 36, 39, 43, 51
14, 19, 28, 31, 36, 40
2, 7, 12, 20, 26, 45
5, 15, 29, 38, 45, 49
5, 6, 37, 40, 44, 51
17, 18, 25, 36, 39, 45
1, 9, 28, 36, 44, 48
9, 11, 18, 27, 38, 39
4, 21, 28, 44, 48, 49
16, 30, 35, 38, 44, 53
14, 15, 29, 46, 49, 52
10, 42, 45, 47, 52, 53
7, 10, 13, 25, 29, 32
3, 6, 11, 15, 39, 51
10, 11, 23, 29, 41, 45
7, 20, 40, 41, 43, 47
11, 17, 20, 27, 35, 38
1, 15, 21, 40, 46, 49
2, 7, 13, 36, 37, 45
9, 11, 18, 27, 40, 51
3, 13, 14, 19, 23, 53
2, 17, 18, 39, 41, 43
2, 14, 21, 23, 32, 34
5, 12, 19, 25, 40, 43
6, 7, 13, 29, 44, 53
1, 20, 27, 32, 38, 51
22, 30, 37, 42, 44, 51
4, 13, 17, 18, 25, 38
24, 28, 31, 32, 34, 52
7, 13, 26, 28, 34, 43
6, 19, 21, 27, 40, 51
6, 7, 8, 35, 48, 52
2, 20, 22, 32, 40, 44
3, 17, 19, 28, 33, 48
16, 22, 25, 28, 39, 53
9, 11, 29, 39, 45, 47
4, 11, 21, 30, 32, 46
3, 5, 13, 15, 21, 26
19, 22, 24, 29, 30, 34
4, 8, 22, 25, 29, 42
7, 9, 26, 32, 40, 51
4, 15, 43, 30, 14, 50
1, 8, 15, 36, 37, 44
10, 35, 22, 12, 32, 1
1, 6, 9, 16, 22, 43
7, 24, 33, 35, 40, 43
1, 20, 33, 35, 37, 48
22, 41, 19, 51, 15, 32
4, 13, 21, 33, 34, 47
46, 31, 52, 47, 21, 50
6, 8, 18, 32, 38, 45
15, 13, 42, 1, 2, 6
1, 11, 18, 24, 25, 47
43, 4, 30, 25, 39, 28
1, 15, 22, 30, 48, 51
2, 9, 21, 22, 33, 49
1, 3, 6, 11, 27, 44
46, 21, 11, 35, 32, 42
6, 8, 16, 28, 46, 48
19, 38, 50, 28, 20, 21
5, 14, 22, 35, 41, 42
11, 42, 44, 18, 53, 12
1, 5, 18, 20, 22, 47
2, 29, 35, 1, 36, 16
2, 20, 22, 30, 31, 51
46, 26, 52, 38, 1, 35
2, 7, 9, 12, 20, 23
51, 17, 21, 35, 52, 29
17, 21, 22, 40, 43, 45
41, 10, 38, 33, 39, 44
9, 11, 16, 22, 44, 52
26, 46, 38, 13, 34, 48
18, 19, 21, 34, 36, 49
6, 41, 7, 46, 50, 13
7, 18, 23, 25, 31, 32
49, 2, 44, 52, 39, 20
13, 32, 33, 34, 47, 49
4, 30, 14, 12, 42, 46
2, 16, 17, 18, 20, 29
8, 31, 29, 7, 33, 28
14, 20, 21, 29, 36, 44
10, 46, 15, 39, 22, 52
5, 10, 16, 21, 47, 53
10, 33, 35, 20, 51, 6
4, 5, 9, 17, 19, 30
27, 52, 10, 25, 42, 14
3, 25, 29, 47, 50, 53
1, 34, 35, 16, 41, 47
10, 19, 22, 33, 34, 44
37, 3, 31, 48, 33, 13
8, 18, 20, 31, 45, 50
22, 13, 37, 39, 32, 12
2, 25, 26, 27, 30, 37
51, 31, 28, 13, 10, 30
9, 12, 14, 18, 19, 23
42, 26, 6, 40, 39, 7
1, 7, 25, 30, 41, 46
27, 22, 37, 5, 40, 52
5, 11, 23, 31, 39, 48
10, 24, 48, 8, 26, 49
8, 9, 10, 31, 47, 50
36, 24, 13, 34, 20, 50
10, 15, 23, 28, 35, 49
42, 27, 50, 48, 26, 10
3, 11, 18, 29, 52, 53
49, 40, 25, 28, 47, 3
12, 13, 16, 28, 30, 44
21, 36, 30, 2, 23, 48
1, 19, 37, 38, 46, 53
16, 52, 6, 38, 36, 8
6, 12, 15, 41, 42, 52
7, 35, 1, 26, 50, 22
5, 13, 23, 33, 43, 46
18, 20, 7, 32, 4, 25
18, 30, 37, 39, 42, 45
11, 37, 48, 17, 36, 26
5, 30, 31, 36, 41, 43
2, 31, 16, 43, 32, 4
3, 4, 19, 29, 34, 37
40, 17, 29, 22, 1, 34
2, 4, 26, 32, 39, 52
45, 12, 39, 42, 29, 8
30, 20, 50, 34, 43, 8
51, 25, 42, 33, 40, 15
12, 8, 6, 37, 11, 1
30, 14, 11, 34, 10, 21
11, 40, 31, 7, 9, 18
44, 25, 11, 9, 42, 48
53, 23, 39, 36, 46, 10
51, 11, 4, 9, 47, 8
17, 14, 3, 43, 8, 41
20, 43, 33, 12, 13, 27
46, 30, 17, 16, 19, 48
41, 53, 42, 36, 37, 24
44, 9, 49, 31, 6, 22
12, 49, 18, 42, 20, 37
48, 3, 51, 6, 4, 20
14, 17, 45, 2, 47, 51
10, 35, 13, 44, 3, 25
50, 31, 3, 21, 5, 27
15, 18, 14, 28, 25, 7
45, 10, 20, 43, 30, 13
17, 28, 1, 40, 16, 26
49, 42, 39, 11, 1, 28
45, 50, 6, 12, 52, 14
44, 22, 13, 32, 38, 40
9, 12, 8, 44, 32, 7
26, 28, 41, 10, 25, 18
48, 20, 34, 19, 15, 28
8, 47, 52, 43, 2, 37
23, 9, 43, 11, 33, 36
49, 14, 2, 45, 13, 44
36, 12, 3, 46, 25, 47
3, 38, 40, 14, 7, 27
19, 28, 20, 36, 45, 34
40, 44, 2, 46, 41, 12
44, 23, 36, 33, 16, 8
10, 3, 28, 11, 49, 42
47, 29, 16, 45, 32, 42
3, 42, 13, 41, 15, 4
12, 16, 49, 48, 51, 28
4, 20, 11, 23, 41, 44
21, 24, 31, 17, 2, 29
2, 5, 53, 26, 41, 17
28, 32, 4, 35, 12, 18
38, 24, 4, 39, 42, 23
51, 33, 18, 27, 19, 17
12, 10, 48, 5, 22, 18
17, 35, 36, 41, 5, 34
1, 26, 36, 20, 23, 21
39, 37, 47, 12, 43, 21
14, 45, 41, 21, 32, 3
22, 15, 11, 24, 8, 20
4, 43, 10, 8, 28, 27
18, 28, 43, 12, 34, 49
4, 48, 45, 8, 1, 12
24, 53, 16, 12, 36, 42
11, 46, 53, 17, 30, 35
38, 8, 53, 22, 35, 37
49, 13, 34, 17, 33, 40
26, 44, 39, 23, 30, 17
46, 20, 5, 1, 33, 12
6, 33, 15, 26, 12, 47
15, 21, 41, 3, 33, 2
2, 25, 14, 49, 15, 47
15, 3, 41, 11, 52, 22
13, 15, 17, 33, 39, 44
15, 11, 17, 44, 26, 47
48, 4, 25, 31, 18, 12
19, 11, 32, 48, 47, 20
29, 48, 37, 15, 18, 51
42, 9, 18, 24, 30, 35
21, 2, 27, 18, 16, 10
12, 35, 15, 17, 18, 25
27, 4, 23, 21, 12, 3
11, 47, 3, 51, 46, 2
29, 41, 11, 13, 51, 18
15, 34, 30, 41, 7, 19
9, 25, 22, 21, 50, 53
47, 31, 14, 20, 29, 24
47, 33, 30, 15, 25, 12
12, 30, 53, 52, 11, 40
24, 43, 44, 49, 11, 20
34, 47, 19, 27, 6, 10
42, 47, 1, 36, 13, 22
19, 30, 35, 49, 31, 8
48, 17, 47, 3, 20, 40
27, 4, 45, 48, 31, 42
4, 42, 16, 52, 25, 13
39, 37, 20, 44, 42, 21
43, 22, 34, 5, 19, 53
16, 38, 17, 44, 11, 50
49, 30, 16, 41, 36, 23
1, 6, 16, 32, 4, 39
16, 6, 22, 13, 24, 4
4, 7, 40, 15, 38, 25
41, 52, 21, 49, 15, 43
5, 46, 25, 29, 49, 51
18, 5, 44, 8, 35, 52
12, 26, 36, 48, 44, 25
35, 46, 27, 6, 28, 48
4, 35, 1, 6, 39, 34
50, 3, 47, 15, 34, 45
38, 31, 53, 17, 44, 33
46, 53, 40, 25, 52, 28
16, 12, 32, 19, 6, 28
46, 26, 18, 7, 2, 32
22, 45, 44, 46, 21, 53
28, 40, 41, 13, 38, 19
22, 30, 11, 47, 53, 1
51, 30, 26, 5, 6, 9
23, 50, 45, 22, 35, 53
2, 42, 16, 21, 35, 37
5, 8, 22, 6, 51, 53
7, 24, 40, 44, 50, 15
47, 50, 25, 40, 3, 42
50, 38, 25, 33, 37, 16
41, 52, 26, 35, 24, 37
47, 7, 52, 8, 16, 19
9, 18, 8, 42, 44, 3
45, 52, 19, 4, 22, 25
15, 24, 16, 5, 35, 33
53, 46, 33, 11, 43, 9
10, 50, 34, 4, 52, 27
46, 39, 7, 40, 1, 12
30, 49, 1, 48, 35, 3
28, 29, 10, 1, 24, 32
24, 8, 30, 23, 20, 40
6, 2, 36, 30, 33, 37
19, 31, 2, 10, 38, 36
3, 33, 37, 18, 47, 31
14, 12, 3, 42, 38, 16
44, 18, 50, 22, 16, 38
23, 50, 5, 3, 8, 18
21, 47, 12, 37, 13, 31
5, 51, 53, 1, 24, 16
11, 50, 6, 32, 45, 9
8, 9, 19, 35, 33, 21
10, 37, 44, 5, 17, 38
25, 38, 36, 33, 9, 39
18, 47, 42, 32, 33, 28
25, 31, 22, 44, 24, 7
50, 13, 32, 4, 48, 36
11, 37, 23, 43, 38, 16
28, 12, 3, 15, 45, 26
21, 47, 53, 26, 48, 10
1, 3, 40, 28, 38, 43
27, 29, 52, 1, 51, 31
22, 20, 35, 43, 52, 26
35, 14, 30, 31, 19, 15
46, 24, 39, 41, 8, 11
20, 38, 45, 34, 28, 35
31, 34, 20, 7, 23, 30
38, 50, 22, 23, 29, 35
8, 40, 38, 7, 39, 9
47, 7, 39, 29, 13, 21
28, 3, 14, 17, 8, 27
21, 9, 34, 20, 47, 37
6, 25, 19, 18, 40, 21
24, 2, 45, 19, 26, 4
51, 5, 32, 53, 41, 35
18, 14, 6, 36, 45, 39
17, 51, 19, 53, 16, 42
24, 53, 10, 8, 15, 48
45, 21, 28, 6, 7, 50
7, 49, 32, 3, 1, 34
37, 25, 38, 43, 34, 3
27, 34, 38, 29, 48, 15
24, 47, 27, 8, 13, 19
5, 7, 43, 12, 49, 13
25, 35, 43, 53, 30, 23
17, 5, 32, 37, 28, 4
9, 44, 7, 6, 27, 28
1, 36, 39, 23, 34, 22
14, 10, 7, 33, 31, 15
21, 39, 44, 12, 17, 23
16, 6, 30, 35, 52, 8
9, 15, 1, 23, 2, 40
48, 34, 33, 31, 20, 10
44, 32, 38, 12, 22, 27
36, 46, 16, 40, 38, 35
15, 25, 24, 4, 36, 44
18, 48, 42, 11, 21, 4
12, 5, 21, 38, 9, 27
41, 16, 6, 10, 49, 45
40, 7, 37, 29, 11, 1
28, 39, 22, 43, 47, 17
19, 20, 23, 29, 5, 31
30, 21, 49, 13, 51, 34
11, 48, 37, 51, 25, 20
52, 28, 18, 45, 15, 46
30, 16, 49, 17, 41, 31
45, 42, 2, 35, 52, 31
52, 11, 43, 36, 27, 30
11, 6, 3, 25, 10, 13
36, 34, 3, 51, 37, 40
43, 15, 40, 2, 39, 50
41, 20, 52, 50, 17, 32
24, 2, 37, 53, 34, 29
47, 20, 40, 26, 41, 10
36, 29, 2, 17, 42, 13
9, 16, 26, 15, 28, 42
25, 13, 22, 52, 30, 47
12, 14, 24, 6, 40, 13
36, 13, 8, 48, 3, 23
36, 13, 37, 38, 32, 28
39, 7, 4, 26, 50, 21
49, 38, 5, 45, 3, 1
25, 11, 7, 21, 36, 43
2, 50, 33, 7, 31, 17
8, 53, 6, 25, 33, 17
32, 31, 39, 19, 11, 29
34, 9, 20, 4, 17, 26
31, 24, 14, 21, 28, 19
7, 53, 18, 25, 32, 49
29, 46, 40, 37, 33, 52
22, 36, 41, 10, 16, 29
46, 19, 25, 43, 42, 53
43, 21, 40, 32, 22, 30
38, 42, 31, 21, 32, 52
22, 46, 40, 27, 51, 41
51, 25, 36, 48, 26, 9
38, 11, 48, 46, 45, 31
30, 20, 38, 41, 25, 52
13, 4, 32, 6, 30, 34
39, 1, 17, 18, 26, 10
12, 42, 28, 20, 35, 32
32, 18, 14, 35, 31, 20
10, 42, 8, 27, 12, 36
35, 48, 15, 53, 39, 26
38, 35, 9, 25, 50, 28
10, 28, 27, 20, 17, 11
17, 29, 9, 5, 28, 36
21, 49, 16, 26, 35, 15
15, 28, 46, 18, 33, 40
24, 50, 43, 38, 2, 40
39, 17, 15, 51, 36, 2
47, 43, 28, 1, 39, 12
47, 49, 28, 8, 51, 15
51, 30, 14, 52, 15, 39
26, 17, 11, 39, 12, 23
36, 4, 24, 21, 48, 3
38, 25, 35, 8, 51, 45
18, 46, 6, 50, 14, 23
4, 50, 19, 30, 31, 9
16, 28, 51, 6, 34, 4
17, 4, 14, 40, 8, 24
33, 50, 45, 41, 36, 46
19, 16, 5, 20, 10, 1
37, 31, 29, 14, 25, 45
15, 14, 44, 12, 19, 40
2, 7, 43, 36, 10, 50
3, 21, 37, 41, 8, 52
47, 4, 51, 18, 28, 49
48, 12, 51, 35, 36, 6
20, 5, 8, 49, 29, 41
47, 17, 2, 15, 1, 36
23, 43, 30, 52, 4, 25
29, 4, 10, 41, 50, 20
43, 27, 4, 30, 23, 1
44, 14, 10, 28, 12, 6
4, 29, 14, 2, 13, 24
4, 10, 33, 48, 14, 52
20, 52, 31, 13, 23, 25
10, 14, 51, 50, 52, 28
43, 49, 37, 30, 27, 52
9, 51, 47, 13, 42, 18
48, 53, 10, 27, 19, 33
26, 14, 50, 4, 13, 9
51, 21, 38, 30, 39, 41
52, 2, 30, 32, 41, 44
29, 28, 8, 36, 2, 22
7, 47, 45, 27, 10, 52
17, 50, 20, 51, 47, 1
6, 20, 50, 1, 37, 24
28, 39, 45, 47, 15, 34
44, 3, 25, 53, 6, 4
12, 21, 53, 8, 41, 4
44, 16, 42, 7, 43, 22
15, 3, 1, 26, 22, 8
44, 42, 12, 14, 10, 22
19, 36, 47, 1, 27, 43
27, 14, 9, 24, 28, 23
53, 48, 24, 19, 41, 43
50, 9, 2, 6, 13, 49
21, 3, 41, 24, 12, 49
9, 49, 47, 6, 18, 53
44, 27, 51, 3, 32, 16
29, 23, 35, 44, 32, 41
30, 46, 52, 4, 48, 5
33, 5, 30, 32, 18, 22
49, 12, 32, 17, 44, 31
31, 48, 25, 26, 23, 21
21, 41, 29, 10, 5, 48
50, 25, 8, 17, 53, 49
15, 42, 1, 40, 27, 36
45, 16, 7, 35, 26, 38
45, 5, 24, 33, 3, 1
33, 50, 43, 42, 31, 1
15, 16, 34, 7, 24, 38
18, 7, 37, 21, 52, 17
41, 42, 26, 30, 45, 46
8, 24, 35, 16, 23, 2
3, 24, 18, 14, 26, 23
16, 5, 25, 19, 30, 7
39, 21, 50, 31, 43, 37
26, 30, 38, 28, 9, 1
9, 38, 42, 43, 3, 4
45, 37, 20, 27, 50, 14
4, 26, 7, 3, 42, 18
31, 4, 32, 49, 29, 53
30, 47, 37, 38, 45, 15
38, 50, 53, 18, 6, 31
14, 13, 30, 1, 12, 49
53, 39, 17, 1, 44, 23
45, 10, 28, 31, 47, 17
38, 52, 43, 25, 9, 27
29, 8, 1, 36, 20, 17
19, 21, 24, 49, 17, 53
6, 16, 26, 18, 31, 43
28, 47, 16, 7, 46, 49
48, 18, 26, 32, 12, 10
11, 35, 29, 30, 2, 25
37, 1, 14, 48, 36, 32
10, 9, 33, 35, 3, 24
40, 11, 18, 26, 32, 28
45, 6, 50, 43, 17, 26
50, 35, 32, 40, 38, 52
31, 28, 49, 18, 46, 32
4, 40, 45, 50, 13, 28
1, 44, 42, 37, 46, 9
27, 31, 2, 17, 52, 34
47, 29, 31, 15, 11, 9
20, 3, 27, 10, 18, 25
53, 52, 1, 4, 17, 32
9, 37, 30, 49, 11, 39
4, 25, 15, 51, 28, 34
5, 46, 44, 4, 50, 33
50, 13, 44, 23, 43, 27
22, 19, 10, 39, 37, 32
40, 8, 13, 11, 5, 23
21, 52, 42, 11, 17, 36
40, 20, 49, 4, 5, 38
13, 50, 49, 37, 8, 51
51, 28, 24, 15, 50, 32
33, 30, 52, 10, 21, 22
50, 36, 42, 7, 31, 43
6, 38, 52, 19, 3, 13
29, 13, 30, 31, 18, 28
7, 21, 3, 46, 33, 38
40, 46, 37, 27, 18, 43
22, 28, 44, 40, 18, 49
41, 4, 39, 46, 50, 20
43, 10, 1, 23, 16, 32
35, 15, 10, 45, 41, 7
39, 48, 43, 2, 29, 38
18, 47, 2, 36, 37, 43
36, 41, 25, 53, 3, 38
49, 18, 53, 29, 5, 33
30, 26, 7, 35, 15, 32
18, 20, 27, 25, 21, 16
44, 17, 26, 19, 22, 15
2, 3, 7, 49, 30, 52
36, 31, 38, 27, 30, 18
34, 42, 15, 41, 26, 25
41, 45, 48, 52, 51, 26
16, 32, 18, 7, 12, 1
45, 23, 29, 43, 5, 22
45, 48, 21, 4, 36, 38
37, 34, 47, 8, 29, 27
2, 27, 14, 35, 40, 28
52, 37, 49, 20, 3, 28
37, 25, 11, 2, 49, 13
22, 31, 29, 43, 14, 39
24, 40, 5, 41, 9, 26
34, 7, 39, 9, 16, 8
15, 42, 3, 51, 41, 19
38, 47, 40, 35, 45, 50
22, 43, 9, 3, 10, 23
25, 52, 3, 10, 37, 48
29, 10, 9, 27, 39, 37
5, 48, 26, 46, 36, 21
26, 47, 1, 18, 41, 27
7, 9, 49, 11, 29, 4
51, 18, 23, 5, 30, 2
26, 5, 10, 50, 49, 46
50, 32, 27, 16, 22, 46
44, 33, 38, 15, 17, 53
37, 28, 16, 42, 13, 3
46, 23, 19, 49, 7, 15
26, 6, 27, 44, 3, 29
31, 46, 7, 23, 40, 27
9, 22, 24, 38, 49, 52
21, 8, 6, 27, 43, 18
31, 4, 51, 40, 38, 37
43, 42, 7, 25, 49, 38
14, 9, 47, 22, 45, 2
7, 38, 18, 41, 3, 30
51, 22, 29, 17, 5, 2
38, 39, 21, 48, 32, 11
26, 28, 6, 35, 42, 32
24, 53, 50, 48, 8, 47
39, 24, 41, 50, 5, 46
28, 48, 13, 34, 27, 50
51, 7, 17, 37, 15, 27
12, 22, 44, 11, 27, 32
47, 13, 27, 25, 6, 9
19, 14, 2, 27, 28, 43
44, 1, 9, 38, 42, 16
44, 6, 31, 52, 42, 46
17, 38, 39, 27, 26, 33
10, 17, 20, 42, 29, 47
30, 28, 36, 25, 23, 40
53, 50, 13, 36, 21, 7
18, 40, 13, 21, 11, 39
22, 32, 7, 43, 15, 1
29, 19, 52, 35, 53, 30
11, 13, 2, 8, 30, 26
34, 12, 16, 26, 40, 50
20, 12, 16, 27, 2, 37
30, 39, 48, 11, 50, 13
34, 5, 28, 38, 12, 24
43, 48, 21, 5, 1, 33
7, 18, 40, 42, 23, 25
47, 23, 9, 44, 39, 16
13, 9, 17, 34, 15, 47
44, 46, 35, 20, 6, 12
45, 1, 14, 7, 49, 15
19, 13, 41, 35, 34, 6
5, 24, 39, 29, 50, 1
52, 6, 8, 4, 12, 37
35, 4, 46, 44, 23, 3
36, 52, 12, 13, 4, 5
41, 8, 52, 5, 40, 26
26, 14, 45, 7, 11, 17
43, 8, 18, 15, 34, 50
51, 46, 27, 4, 17, 48
19, 13, 38, 33, 2, 18
47, 9, 38, 1, 2, 44
27, 17, 24, 51, 13, 28
42, 26, 34, 23, 32, 21
44, 51, 32, 21, 28, 2
49, 42, 46, 30, 31, 24
38, 33, 11, 52, 30, 44
7, 9, 45, 10, 24, 43
26, 1, 23, 38, 35, 45
25, 26, 52, 28, 37, 42
28, 45, 8, 10, 3, 19
10, 48, 34, 31, 2, 53
3, 21, 10, 2, 17, 16
41, 16, 29, 13, 5, 28
49, 47, 27, 21, 51, 13
53, 51, 22, 37, 35, 27
24, 44, 34, 12, 1, 38
52, 30, 51, 36, 4, 26
11, 8, 17, 51, 49, 14
9, 14, 10, 42, 26, 34
27, 38, 42, 23, 16, 28
23, 25, 48, 28, 17, 49
25, 16, 42, 36, 15, 11
17, 10, 42, 15, 43, 28
28, 2, 3, 1, 39, 17
52, 20, 31, 28, 13, 33
48, 39, 19, 23, 15, 27
14, 36, 47, 20, 43, 11
32, 33, 7, 35, 46, 37
5, 28, 18, 26, 31, 24
20, 6, 26, 23, 19, 51
3, 30, 35, 45, 16, 43
42, 50, 17, 5, 38, 30
16, 5, 37, 14, 12, 18
14, 47, 19, 8, 26, 36
6, 4, 37, 53, 38, 33
25, 13, 19, 16, 38, 47
28, 4, 45, 8, 41, 53
4, 23, 12, 42, 32, 41
17, 8, 49, 10, 6, 35
39, 18, 24, 7, 13, 29
4, 37, 35, 1, 38, 20
3, 46, 52, 12, 44, 14
4, 33, 32, 25, 5, 50
48, 36, 32, 18, 6, 46
24, 28, 43, 51, 6, 37
34, 11, 19, 28, 14, 17
5, 15, 52, 46, 33, 40
15, 12, 27, 40, 31, 13
15, 8, 39, 21, 26, 12
15, 41, 28, 8, 12, 47
35, 51, 44, 38, 52, 30
47, 5, 2, 18, 34, 52
15, 3, 26, 35, 30, 40
24, 21, 50, 16, 22, 45
37, 14, 9, 28, 38, 16
23, 18, 20, 48, 33, 11
12, 48, 52, 9, 40, 42
11, 31, 14, 26, 25, 34
18, 26, 48, 7, 15, 47
51, 39, 5, 52, 13, 47
28, 7, 52, 16, 30, 3
35, 4, 50, 28, 36, 14
38, 8, 36, 9, 2, 20
45, 15, 27, 53, 17, 30
14, 41, 50, 30, 21, 37
29, 46, 6, 48, 53, 5
43, 25, 45, 32, 4, 46
49, 43, 8, 30, 20, 23
27, 32, 21, 4, 52, 24
29, 18, 1, 36, 10, 27
44, 16, 52, 40, 22, 15
22, 16, 17, 53, 11, 33
45, 8, 21, 4, 34, 11
20, 11, 23, 33, 37, 47
13, 38, 47, 37, 9, 43
4, 6, 26, 38, 39, 17
24, 47, 22, 2, 3, 49
46, 48, 32, 13, 31, 28
38, 20, 28, 5, 35, 18
20, 45, 21, 19, 16, 42
24, 23, 25, 48, 46, 1
18, 19, 46, 36, 7, 23
48, 11, 36, 10, 22, 33
8, 20, 5, 38, 21, 6
48, 7, 22, 42, 30, 25
42, 36, 12, 11, 24, 33
15, 23, 43, 8, 5, 18
31, 38, 23, 19, 29, 45
12, 47, 15, 10, 4, 9
32, 24, 42, 45, 47, 25
3, 31, 6, 43, 32, 20
30, 20, 1, 14, 6, 39
17, 44, 29, 32, 2, 21
42, 22, 40, 9, 7, 21
28, 32, 11, 21, 31, 26
40, 10, 38, 43, 23, 45
13, 48, 23, 27, 29, 35
5, 26, 12, 35, 28, 6
42, 15, 27, 49, 6, 41
35, 34, 28, 42, 22, 25
1, 35, 38, 32, 3, 11
39, 6, 16, 40, 49, 11
10, 7, 36, 16, 6, 31
46, 36, 48, 35, 43, 3
9, 47, 36, 22, 48, 13
45, 38, 28, 32, 39, 41
46, 29, 41, 15, 48, 23
21, 38, 26, 9, 39, 19
45, 20, 22, 40, 16, 21
7, 31, 12, 35, 48, 44
18, 3, 48, 39, 30, 13
4, 9, 13, 21, 8, 5
43, 24, 17, 8, 42, 22
31, 28, 5, 47, 12, 22
6, 45, 27, 16, 40, 5
1, 33, 43, 10, 22, 31
35, 25, 3, 7, 8, 5
18, 36, 13, 33, 4, 11
9, 18, 23, 45, 27, 46
49, 8, 42, 34, 40, 46
49, 44, 39, 17, 46, 37
27, 43, 25, 13, 47, 38
1, 31, 4, 35, 10, 43
16, 1, 22, 30, 39, 3
30, 31, 45, 21, 25, 19
22, 40, 49, 30, 29, 46
7, 28, 21, 34, 5, 11
20, 18, 14, 30, 21, 33
6, 17, 49, 26, 21, 22
6, 10, 42, 5, 31, 20
22, 35, 7, 33, 49, 31
13, 48, 32, 20, 25, 9
43, 35, 12, 46, 14, 48
24, 42, 47, 26, 39, 3
24, 9, 27, 10, 46, 20
31, 48, 40, 5, 11, 32
47, 13, 25, 48, 8, 28
9, 45, 48, 17, 32, 19
3, 4, 36, 40, 7, 39
47, 27, 43, 3, 9, 26
21, 37, 19, 14, 46, 29
18, 29, 42, 7, 41, 48
37, 46, 44, 12, 18, 20
47, 43, 20, 5, 6, 28
11, 22, 1, 30, 17, 8
39, 12, 13, 38, 26, 2
32, 47, 20, 42, 12, 4
33, 21, 4, 23, 11, 29
49, 43, 2, 39, 8, 16
14, 38, 32, 40, 41, 33
8, 14, 45, 7, 11, 26
26, 39, 22, 28, 37, 17
41, 14, 43, 40, 12, 42
40, 11, 29, 42, 21, 28
3, 11, 5, 47, 41, 40
1, 11, 40, 2, 49, 33
40, 41, 8, 16, 23, 29
14, 34, 33, 38, 41, 13
41, 36, 13, 24, 46, 37
22, 31, 42, 9, 24, 38
29, 41, 2, 43, 32, 22
33, 2, 13, 1, 27, 29
35, 1, 2, 27, 41, 45
32, 30, 16, 40, 6, 45
30, 8, 32, 21, 39, 14
41, 48, 16, 4, 1, 45
11, 38, 29, 5, 36, 31
17, 6, 27, 40, 36, 18
17, 45, 26, 33, 47, 13
4, 9, 43, 37, 18, 40
23, 1, 39, 35, 19, 8
18, 38, 7, 16, 5, 46
26, 39, 13, 14, 33, 21
44, 4, 3, 31, 27, 41
33, 24, 18, 16, 44, 38
9, 12, 1, 10, 14, 3
44, 16, 43, 47, 14, 30
27, 43, 38, 14, 42, 2
29, 35, 40, 5, 34, 18
23, 41, 7, 17, 33, 26
28, 29, 6, 25, 39, 4
1, 24, 31, 29, 20, 33
41, 24, 21, 37, 45, 9
3, 27, 30, 15, 37, 18
45, 18, 25, 14, 4, 8
8, 43, 1, 41, 17, 30
2, 15, 49, 7, 43, 40
3, 24, 33, 21, 40, 16
12, 34, 1, 48, 32, 21
28, 46, 26, 29, 21, 36
10, 24, 42, 37, 35, 13
11, 18, 20, 36, 8, 32
30, 15, 40, 35, 7, 19
35, 26, 47, 30, 24, 42
26, 10, 6, 44, 7, 8
12, 10, 49, 31, 43, 40
8, 47, 44, 6, 36, 34
35, 17, 36, 22, 28, 2
11, 31, 1, 10, 47, 39
25, 35, 12, 7, 40, 48
30, 41, 9, 40, 17, 15
36, 9, 47, 14, 48, 26
11, 47, 7, 42, 49, 1
29, 9, 37, 2, 28, 19
41, 12, 9, 20, 46, 1
4, 13, 20, 17, 29, 39
44, 47, 11, 8, 14, 27
9, 41, 36, 7, 19, 43
34, 6, 40, 15, 11, 39
43, 39, 2, 20, 28, 27
25, 21, 19, 32, 30, 23
13, 27, 30, 38, 49, 31
7, 15, 47, 25, 5, 10
38, 39, 7, 4, 6, 25
31, 5, 43, 11, 29, 46
36, 43, 48, 18, 38, 29
26, 4, 46, 35, 8, 47
21, 44, 49, 13, 7, 18
10, 12, 44, 36, 26, 11
19, 29, 16, 34, 42, 36
17, 14, 29, 9, 42, 32
15, 43, 31, 8, 38, 47
36, 23, 43, 48, 20, 32
45, 34, 47, 35, 13, 25
3, 32, 18, 43, 41, 20
41, 20, 4, 15, 5, 27
13, 12, 41, 6, 47, 15
18, 38, 13, 7, 12, 17
24, 2, 21, 19, 25, 41
11, 31, 26, 25, 32, 3
33, 42, 45, 44, 31, 24
49, 7, 12, 24, 10, 22
47, 1, 26, 5, 35, 15
42, 36, 48, 31, 34, 49
35, 45, 11, 6, 30, 49
3, 7, 44, 11, 41, 33
45, 16, 41, 25, 12, 44
12, 48, 6, 10, 42, 15
43, 22, 35, 13, 2, 3
38, 13, 41, 20, 19, 24
32, 46, 45, 27, 21, 48
45, 34, 47, 40, 8, 41
23, 38, 30, 24, 19, 36
36, 20, 6, 40, 1, 13
20, 8, 46, 3, 16, 29
44, 16, 8, 28, 25, 30
45, 8, 37, 41, 25, 5
24, 45, 33, 14, 20, 48
10, 22, 47, 16, 36, 49
9, 7, 1, 6, 32, 20
19, 4, 33, 9, 14, 8
37, 26, 8, 44, 36, 34
42, 31, 24, 49, 10, 27
24, 16, 47, 18, 12, 21
8, 41, 26, 40, 4, 34
4, 36, 26, 9, 10, 42
47, 37, 48, 21, 17, 7
3, 22, 5, 35, 42, 28
9, 19, 13, 20, 42, 49
42, 29, 45, 8, 9, 22
13, 49, 41, 27, 3, 29
48, 19, 7, 39, 11, 41
21, 45, 1, 23, 16, 39
2, 33, 17, 18, 7, 21
36, 26, 48, 13, 30, 35
6, 13, 45, 9, 23, 22
17, 48, 35, 44, 5, 15
31, 23, 22, 15, 28, 17
3, 7, 40, 46, 37, 9
1, 40, 41, 19, 21, 48
17, 12, 1, 10, 24, 11
14, 36, 25, 29, 6, 4
38, 3, 49, 17, 4, 21
29, 4, 9, 34, 6, 49
11, 43, 48, 42, 41, 8
46, 21, 29, 32, 2, 12
37, 35, 29, 32, 20, 2
24, 29, 1, 22, 39, 10
12, 2, 8, 6, 36, 47
39, 31, 2, 32, 29, 19
37, 40, 49, 46, 48, 2
16, 2, 17, 19, 8, 30
37, 8, 38, 48, 3, 9
48, 4, 3, 8, 13, 35
23, 21, 41, 31, 2, 47
18, 34, 28, 19, 39, 35
3, 10, 32, 33, 8, 36
30, 11, 47, 10, 36, 9
44, 11, 24, 43, 9, 40
23, 48, 6, 25, 36, 10
36, 15, 32, 47, 45, 42
34, 19, 36, 17, 41, 11
2, 30, 15, 29, 26, 21
34, 6, 16, 38, 2, 31
34, 28, 5, 45, 10, 9
41, 35, 23, 1, 14, 38
39, 36, 16, 26, 12, 41
24, 16, 35, 43, 30, 9
29, 2, 12, 28, 23, 40
2, 16, 22, 9, 27, 20
29, 26, 8, 17, 19, 25
29, 10, 11, 12, 41, 13
29, 7, 43, 24, 38, 6
15, 3, 2, 18, 14, 44
48, 34, 44, 22, 26, 14
14, 47, 38, 17, 12, 37
12, 23, 26, 9, 18, 28
30, 45, 36, 11, 1, 28
20, 40, 47, 9, 44, 34
18, 27, 43, 32, 40, 15
10, 44, 22, 18, 6, 27
22, 36, 28, 40, 12, 34
16, 8, 48, 18, 28, 10
2, 25, 17, 38, 34, 35
13, 49, 34, 35, 2, 33
7, 8, 32, 13, 20, 15
23, 5, 20, 30, 1, 27
16, 29, 48, 30, 21, 19
47, 15, 20, 7, 5, 35
39, 49, 14, 21, 1, 9
45, 6, 2, 38, 30, 10
8, 42, 17, 46, 29, 23
7, 21, 40, 17, 28, 8
33, 13, 46, 9, 25, 39
40, 6, 42, 28, 44, 30
15, 40, 24, 3, 12, 28
15, 36, 20, 8, 46, 10
47, 18, 22, 26, 12, 21
6, 28, 9, 32, 7, 40
47, 1, 49, 18, 43, 4
7, 40, 44, 29, 49, 41
35, 11, 43, 22, 27, 49
16, 32, 13, 24, 44, 14
45, 25, 31, 43, 47, 26
17, 27, 15, 41, 22, 49
34, 19, 29, 12, 22, 17
15, 49, 46, 7, 14, 48
48, 18, 23, 34, 45, 10
27, 14, 30, 6, 28, 48
16, 44, 38, 13, 10, 45
17, 30, 48, 27, 19, 40
6, 2, 43, 3, 8, 15
7, 28, 49, 4, 2, 1
31, 30, 1, 9, 20, 47
34, 23, 29, 47, 40, 26
44, 48, 21, 42, 13, 49
27, 22, 20, 23, 39, 5
43, 23, 10, 9, 40, 42
42, 39, 5, 18, 47, 21
26, 24, 37, 8, 18, 21
29, 7, 41, 5, 4, 13
17, 3, 14, 42, 8, 16
45, 8, 18, 26, 32, 10
7, 46, 10, 49, 35, 17
9, 32, 14, 38, 3, 21
42, 19, 15, 37, 35, 32
36, 49, 34, 14, 25, 42
8, 20, 48, 35, 39, 19
29, 42, 23, 2, 25, 32
35, 34, 43, 1, 37, 25
34, 42, 38, 45, 44, 48
18, 4, 8, 43, 11, 33
47, 25, 9, 19, 32, 11
29, 31, 39, 35, 4, 6
30, 36, 39, 33, 44, 47
31, 17, 15, 34, 3, 25
41, 9, 40, 13, 29, 45
24, 11, 32, 2, 19, 18
22, 3, 44, 9, 18, 5
8, 49, 46, 20, 27, 39
26, 14, 1, 24, 34, 8
31, 33, 28, 36, 46, 1
48, 34, 12, 10, 38, 6
48, 12, 10, 7, 22, 47
7, 39, 34, 18, 20, 31
14, 28, 48, 16, 19, 39
32, 2, 16, 3, 8, 9
43, 49, 1, 33, 48, 29
25, 12, 32, 13, 6, 8
12, 41, 27, 36, 30, 6
25, 44, 36, 41, 23, 39
30, 11, 3, 13, 43, 46
5, 2, 31, 17, 40, 15
33, 11, 36, 20, 13, 47
38, 34, 41, 26, 47, 6
4, 29, 32, 47, 48, 25
34, 22, 4, 28, 7, 45
28, 4, 21, 35, 25, 30
19, 14, 8, 21, 47, 5
8, 44, 45, 4, 48, 35
9, 2, 5, 14, 30, 34
34, 2, 15, 17, 42, 13
47, 27, 34, 2, 22, 19
31, 48, 30, 37, 40, 22
40, 16, 4, 31, 28, 15
45, 24, 46, 42, 27, 30
39, 26, 18, 14, 28, 5
9, 45, 15, 35, 22, 46
44, 43, 36, 26, 9, 28
42, 48, 34, 27, 1, 47
14, 18, 31, 39, 45, 48
39, 15, 33, 37, 17, 3
16, 47, 26, 10, 41, 28
23, 22, 34, 28, 14, 6
12, 22, 31, 43, 44, 49
37, 33, 3, 31, 14, 29
38, 39, 10, 20, 43, 15
25, 9, 5, 30, 8, 31
30, 18, 25, 17, 27, 46
41, 19, 25, 11, 15, 22
40, 3, 21, 42, 28, 45
20, 37, 48, 45, 41, 35
42, 21, 48, 7, 23, 44
23, 12, 42, 46, 20, 27
37, 28, 47, 48, 4, 41
5, 12, 24, 35, 46, 38
24, 34, 44, 1, 46, 14
33, 40, 26, 34, 36, 14
41, 14, 8, 34, 46, 24
14, 9, 47, 45, 1, 2
9, 40, 46, 28, 44, 18
35, 24, 44, 46, 38, 7
15, 29, 19, 2, 7, 30
12, 15, 9, 6, 29, 48
39, 34, 38, 1, 9, 12
17, 11, 40, 13, 47, 8
20, 31, 30, 24, 14, 3
38, 35, 17, 1, 5, 29
37, 20, 46, 4, 12, 48
49, 39, 8, 7, 30, 25
16, 14, 35, 26, 10, 29
12, 18, 15, 39, 45, 49
29, 12, 9, 47, 15, 4
36, 27, 15, 28, 40, 49
7, 31, 24, 38, 2, 32
43, 20, 13, 33, 27, 18
42, 49, 48, 45, 44, 39
24, 32, 7, 19, 14, 37
17, 10, 40, 23, 48, 34
42, 25, 11, 31, 12, 44
20, 28, 15, 44, 24, 10
18, 7, 8, 6, 29, 5
6, 40, 1, 28, 18, 34
7, 40, 5, 19, 4, 16
14, 9, 45, 47, 43, 1
26, 44, 25, 5, 9, 11
18, 28, 19, 11, 30, 46
9, 3, 16, 44, 11, 21
46, 33, 26, 35, 43, 20
24, 26, 21, 29, 14, 17
8, 14, 32, 16, 36, 49
34, 27, 7, 8, 49, 5
34, 21, 20, 2, 23, 10
3, 8, 2, 27, 24, 22
7, 14, 18, 47, 12, 27
2, 44, 30, 38, 29, 42
46, 31, 30, 18, 28, 44
41, 9, 19, 14, 23, 24
38, 32, 2, 44, 11, 8
46, 21, 38, 48, 36, 41
46, 9, 14, 22, 48, 23
43, 16, 40, 45, 19, 42
34, 17, 1, 4, 30, 44
2, 48, 49, 19, 34, 20
49, 33, 1, 9, 20, 15
41, 45, 27, 21, 12, 44
10, 11, 47, 3, 34, 6
46, 38, 24, 2, 22, 13
5, 12, 24, 18, 6, 17
16, 14, 17, 11, 40, 1
47, 26, 8, 27, 6, 25
6, 2, 40, 48, 33, 23
46, 36, 21, 2, 12, 17
14, 23, 35, 46, 41, 30
12, 32, 11, 6, 49, 3
38, 27, 40, 19, 49, 18
2, 10, 44, 30, 12, 37
33, 3, 14, 27, 4, 46
22, 40, 39, 8, 24, 1
11, 8, 26, 45, 36, 49
26, 18, 22, 1, 21, 37
12, 14, 37, 38, 45, 9
18, 19, 46, 2, 35, 37
39, 49, 26, 38, 32, 28
34, 19, 13, 37, 8, 36
41, 19, 31, 32, 13, 34
35, 9, 11, 31, 47, 39
25, 13, 42, 18, 17, 43
5, 45, 11, 42, 41, 47
1, 24, 25, 45, 37, 20
19, 47, 3, 45, 15, 28
40, 37, 35, 23, 28, 29
27, 31, 26, 29, 44, 36
6, 10, 27, 26, 22, 28
28, 35, 12, 7, 5, 47
9, 6, 31, 34, 22, 30
6, 10, 43, 26, 41, 21
21, 31, 47, 14, 10, 39
17, 7, 27, 30, 16, 23
10, 9, 26, 27, 40, 39
21, 31, 42, 25, 29, 15
17, 40, 34, 10, 7, 11
48, 14, 42, 9, 23, 44
28, 13, 18, 7, 45, 9
5, 23, 26, 40, 3, 20
21, 45, 25, 14, 35, 42
46, 42, 18, 16, 11, 48
44, 24, 17, 4, 19, 20
46, 49, 14, 20, 27, 48
16, 29, 15, 1, 39, 5
28, 13, 1, 15, 12, 35
4, 23, 33, 26, 6, 29
13, 41, 20, 42, 2, 33
6, 35, 34, 45, 21, 5
43, 22, 29, 4, 14, 24
43, 40, 34, 19, 46, 3
32, 24, 23, 4, 15, 16
34, 29, 31, 46, 26, 4
10, 25, 13, 15, 49, 35
49, 6, 45, 9, 46, 2
32, 18, 28, 24, 4, 6
21, 19, 35, 47, 36, 29
44, 48, 34, 47, 8, 6
17, 42, 18, 10, 6, 19
30, 32, 45, 17, 29, 42
9, 19, 22, 6, 41, 28
30, 21, 41, 42, 19, 27
16, 12, 15, 40, 26, 7
12, 11, 8, 17, 44, 9
20, 29, 23, 47, 40, 15
6, 8, 41, 14, 3, 42
42, 13, 43, 33, 27, 36
42, 47, 13, 35, 34, 24
44, 25, 9, 19, 34, 12
27, 30, 12, 23, 21, 20
25, 9, 39, 44, 28, 27
4, 48, 45, 47, 3, 22
34, 19, 31, 49, 30, 15
24, 10, 47, 45, 37, 32
49, 47, 41, 34, 16, 20
41, 28, 30, 33, 47, 18
15, 27, 18, 46, 29, 37
12, 42, 46, 17, 28, 13
34, 9, 3, 30, 28, 22
16, 21, 3, 47, 45, 7
15, 35, 20, 44, 1, 31
31, 47, 3, 27, 26, 21
11, 4, 47, 2, 12, 3
16, 32, 21, 45, 19, 43
1, 45, 6, 46, 36, 18
15, 42, 26, 2, 43, 27
30, 40, 38, 5, 7, 43
34, 23, 25, 24, 11, 46
46, 23, 48, 32, 24, 8
4, 19, 23, 43, 31, 42
6, 20, 35, 16, 14, 38
37, 11, 16, 15, 5, 3
33, 35, 5, 34, 7, 24
28, 42, 34, 29, 37, 44
3, 40, 34, 43, 33, 47
15, 7, 14, 28, 39, 47
2, 15, 23, 21, 13, 26
40, 3, 28, 7, 37, 21
25, 29, 28, 42, 15, 32
47, 23, 38, 15, 1, 22
19, 33, 39, 2, 16, 3
7, 39, 18, 3, 19, 27
32, 11, 30, 6, 8, 17
22, 24, 23, 20, 12, 28
11, 4, 39, 5, 48, 18
22, 11, 45, 18, 42, 26
41, 30, 45, 38, 31, 14
25, 19, 29, 12, 17, 45
9, 46, 3, 7, 44, 13
18, 4, 22, 17, 9, 23
9, 5, 31, 27, 10, 3
40, 49, 27, 24, 30, 48
24, 43, 31, 4, 15, 9
29, 18, 41, 42, 49, 22
26, 15, 16, 37, 41, 5
10, 36, 19, 29, 26, 15
47, 41, 7, 12, 17, 27
37, 31, 49, 24, 40, 41
44, 18, 49, 28, 16, 23
31, 17, 21, 47, 19, 30
28, 46, 5, 49, 35, 48
10, 25, 42, 2, 5, 43
27, 3, 34, 47, 40, 2
35, 12, 9, 47, 39, 29
42, 44, 40, 20, 49, 30
22, 34, 1, 23, 47, 6
29, 38, 28, 47, 6, 1
41, 10, 16, 43, 19, 40
15, 34, 33, 30, 27, 38
20, 40, 48, 15, 21, 13
12, 36, 8, 18, 13, 44
26, 37, 47, 29, 8, 11
37, 12, 49, 21, 13, 38
44, 26, 11, 4, 39, 7
19, 17, 49, 33, 31, 23
9, 27, 36, 43, 28, 34
7, 15, 49, 30, 31, 24
33, 25, 20, 44, 37, 29
29, 22, 31, 9, 23, 44
13, 7, 19, 36, 46, 28
11, 4, 12, 19, 40, 31
18, 45, 48, 30, 21, 39
24, 8, 43, 45, 4, 34
27, 36, 24, 22, 32, 1
14, 40, 11, 3, 15, 27
31, 29, 35, 47, 38, 33
10, 21, 41, 29, 43, 16
40, 44, 20, 21, 8, 46
43, 44, 46, 30, 12, 17
10, 45, 8, 2, 31, 7
31, 27, 40, 20, 41, 16
13, 30, 19, 34, 3, 5
21, 41, 38, 47, 5, 17
47, 8, 7, 20, 16, 1
38, 21, 1, 39, 24, 44
22, 32, 23, 8, 14, 43
45, 33, 31, 10, 27, 2
5, 25, 20, 45, 42, 34
3, 27, 19, 35, 20, 5
38, 27, 21, 15, 4, 30
20, 42, 6, 29, 45, 26
22, 28, 9, 26, 31, 3
24, 47, 40, 6, 28, 48
37, 42, 10, 27, 12, 18
7, 15, 14, 38, 37, 22
14, 3, 48, 13, 43, 40
18, 15, 17, 31, 12, 42
39, 14, 17, 8, 5, 9
38, 32, 12, 20, 18, 42
49, 10, 34, 26, 19, 48
37, 36, 26, 42, 10, 23
36, 17, 29, 1, 37, 39
2, 48, 3, 1, 13, 28
15, 5, 28, 48, 16, 43
13, 28, 4, 46, 3, 35
45, 33, 13, 21, 35, 5
11, 6, 31, 2, 34, 14
17, 41, 27, 8, 38, 35
27, 17, 13, 42, 47, 40
21, 6, 27, 7, 11, 48
4, 38, 42, 23, 3, 10
30, 28, 35, 12, 47, 8
48, 15, 44, 20, 13, 17
13, 30, 20, 39, 40, 46
3, 19, 7, 5, 13, 20
35, 10, 27, 42, 4, 24
36, 12, 19, 13, 20, 48
11, 46, 28, 14, 2, 12
15, 40, 8, 47, 25, 22
43, 14, 20, 3, 25, 18
18, 15, 23, 19, 11, 22
36, 39, 27, 14, 17, 46
30, 44, 17, 49, 42, 15
33, 11, 38, 16, 14, 34
36, 10, 27, 45, 16, 44
38, 8, 49, 48, 27, 34
34, 49, 24, 2, 19, 3
45, 31, 34, 9, 24, 3
19, 41, 42, 1, 29, 26
23, 19, 26, 34, 49, 48
25, 36, 12, 11, 10, 5
36, 49, 41, 43, 2, 26
19, 31, 38, 9, 32, 41
43, 25, 19, 4, 30, 48
18, 4, 17, 42, 14, 43
40, 25, 2, 6, 22, 14
15, 21, 49, 41, 29, 31